[38;2;0;79;123mjjjjjj[38;2;9;85;127mn[38;2;45;111;141mm[38;2;11;89;128mvvvvvvvv[38;2;20;95;131mX[38;2;41;108;140mO[38;2;0;79;123mjjjjjjj[0m
[38;2;0;79;123mjjjjjj[38;2;33;104;137mL[38;2;10;89;128mv[38;2;11;89;128mvvvvvvvvv[38;2;12;90;128mv[38;2;29;100;135mJ[38;2;0;79;123mjjjjjj[0m
[38;2;0;79;123mjjjjj[38;2;33;102;137mL[38;2;14;91;129mc[38;2;11;89;128mvvv[38;2;16;92;130mz[38;2;16;93;130mz[38;2;11;89;128mvvvvvv[38;2;23;97;133mY[38;2;27;98;134mU[38;2;0;79;123mjjjjj[0m
[38;2;0;79;123mjjjj[38;2;13;88;129mv[38;2;28;100;134mJ[38;2;11;89;128mvv[38;2;10;89;128mv[38;2;29;101;135mC[38;2;11;87;128mu[38;2;18;92;130mz[38;2;22;96;132mY[38;2;34;104;137mQ[38;2;33;102;136mL[38;2;24;98;133mU[38;2;11;89;128mvvv[38;2;33;104;136mL[38;2;10;86;127mu[38;2;0;79;123mjjjj[0m
[38;2;0;79;123mjjj[38;2;12;87;128mu[38;2;21;96;132mY[38;2;11;89;128mvv[38;2;19;94;131mX[38;2;29;100;135mJ[38;2;0;79;123mj[38;2;41;109;140mO[38;2;28;99;135mJ[38;2;6;83;125mx[38;2;58;120;147mb[38;2;11;87;127mu[38;2;13;88;128mv[38;2;36;106;138m0[38;2;11;89;128mvvv[38;2;28;101;134mJ[38;2;0;79;123mjjjj[0m
[38;2;0;79;123mjjj[38;2;35;103;136mL[38;2;10;89;128mv[38;2;11;89;128mv[38;2;31;102;136mC[38;2;21;94;131mX[38;2;16;90;130mc[38;2;69;128;151mo[38;2;22;97;133mY[38;2;19;95;131mX[38;2;38;107;138m0[38;2;8;85;126mn[38;2;27;99;135mJ[38;2;28;99;134mJ[38;2;0;79;123mj[38;2;40;108;140mO[38;2;25;99;134mU[38;2;11;89;128mv[38;2;22;96;131mY[38;2;20;93;131mX[38;2;0;79;123mjjj[0m
[38;2;0;79;123mjjjj[38;2;26;98;134mU[38;2;14;92;130mc[38;2;21;95;132mX[38;2;20;94;131mX[38;2;32;103;136mL[38;2;17;92;130mz[38;2;20;96;132mY[38;2;11;89;128mvv[38;2;30;101;135mC[38;2;15;91;130mc[38;2;29;100;135mJ[38;2;15;91;129mc[38;2;15;91;130mc[38;2;28;100;135mJ[38;2;13;91;129mc[38;2;19;93;131mz[38;2;0;79;123mjjjj[0m
[38;2;0;79;123mjjjjj[38;2;43;110;140mZ[38;2;11;89;128mvvvvvvvvvvvv[38;2;13;90;129mv[38;2;51;115;143mq[38;2;0;79;123mjjjjj[0m
[38;2;0;79;123mjjjjj[38;2;9;85;127mn[38;2;30;102;136mC[38;2;11;89;128mvvvvvvvvvvv[38;2;36;106;138m0[38;2;0;79;123mjjjjjj[0m
[38;2;0;79;123mjjjjjj[38;2;21;94;132mX[38;2;32;103;137mL[38;2;11;89;128mvvvvvvvvv[38;2;46;113;142mw[38;2;8;84;126mn[38;2;0;79;123mjjjjjj[0m
[38;2;0;79;123mjjjjjjj[38;2;26;97;133mU[38;2;7;85;126mnnnnnnnn[38;2;18;92;130mz[38;2;9;85;127mn[38;2;0;79;123mjjjjjjj[0m
[38;2;0;79;123mjjjjj[38;2;20;89;129mc[38;2;0;79;123mjjjjjjjjjjjjjjjjjjj[0m
[38;2;0;79;123mj[38;2;18;89;130mc[38;2;8;83;125mx[38;2;5;82;125mr[38;2;0;79;123mj[38;2;27;86;123mc[38;2;0;79;123mjjj[38;2;9;84;126mn[38;2;9;83;125mx[38;2;6;83;126mx[38;2;0;79;123mjjj[38;2;7;84;127mx[38;2;9;83;124mx[38;2;15;88;128mv[38;2;0;79;123mjjj[38;2;14;89;130mv[38;2;23;94;134mX[38;2;16;89;130mc[38;2;0;79;123mj[0m
[38;2;37;98;133mC[38;2;53;109;142mm[38;2;40;101;136mL[38;2;39;97;131mC[38;2;31;98;135mJ[38;2;39;97;132mC[38;2;0;79;123mjj[38;2;43;101;135mQ[38;2;49;106;139mZ[38;2;55;110;142mw[38;2;43;100;133mL[38;2;17;88;128mv[38;2;82;127;154m#[38;2;31;98;136mJ[38;2;43;100;133mL[38;2;31;95;131mU[38;2;42;102;136mQ[38;2;51;106;138mZ[38;2;7;83;126mx[38;2;53;107;139mm[38;2;42;100;135mL[38;2;47;104;138mO[38;2;38;98;133mC[38;2;69;120;149mh[0m
[38;2;41;99;133mL[38;2;0;79;123mjj[38;2;48;107;141mZ[38;2;47;104;137mO[38;2;38;94;128mU[38;2;0;79;123mjj[38;2;38;95;129mJ[38;2;0;79;123mjj[38;2;9;81;122mr[38;2;21;86;124mv[38;2;93;132;156m8[38;2;36;97;132mJ[38;2;25;92;130mX[38;2;0;79;123mjj[38;2;35;93;128mU[38;2;56;114;146mp[38;2;27;91;128mX[38;2;34;97;133mJ[38;2;19;84;122mu[38;2;35;95;130mU[38;2;38;100;136mL[0m
[38;2;44;100;134mQ[38;2;28;94;131mY[38;2;2;79;123mj[38;2;53;109;142mm[38;2;38;98;132mC[38;2;57;111;142mq[38;2;30;94;131mY[38;2;9;83;125mx[38;2;36;94;130mU[38;2;0;79;123mj[38;2;32;97;135mJ[38;2;45;102;135m0[38;2;23;90;129mz[38;2;93;133;157m8[38;2;29;91;127mX[38;2;10;81;123mx[38;2;0;79;123mjj[38;2;41;97;132mC[38;2;95;141;167m@[38;2;52;106;137mZ[38;2;23;91;130mz[38;2;10;83;124mxx[38;2;18;89;129mc[0m
[38;2;5;82;125mr[38;2;18;87;127mv[38;2;5;80;122mr[38;2;13;86;128mu[38;2;35;99;136mC[38;2;10;85;128mn[38;2;25;92;130mX[38;2;18;88;128mv[38;2;26;88;125mz[38;2;13;86;127mu[38;2;28;95;132mY[38;2;29;97;135mU[38;2;14;88;130mv[38;2;49;106;140mZ[38;2;27;93;131mY[38;2;10;83;125mx[38;2;4;81;125mr[38;2;23;94;134mX[38;2;32;97;134mJ[38;2;45;109;145mZ[38;2;17;89;130mc[38;2;17;86;126mv[38;2;14;83;123mnn[38;2;33;96;133mJ[0m
[38;2;0;79;123mjjjjjjjj[38;2;28;89;125mz[38;2;31;98;135mJ[38;2;26;96;135mU[38;2;51;112;146mw[38;2;47;107;142mZ[38;2;0;79;123mj[38;2;54;114;147mq[38;2;59;117;150md[38;2;52;112;145mw[38;2;43;107;142mO[38;2;71;124;155mo[38;2;0;79;123mjjjjjj[0m