[38;2;255;255;255m@@@@@@@@@@@@@@@@@@[38;2;179;187;183mZ[38;2;146;140;130mc[38;2;205;210;211mk[38;2;255;255;255m@@@@[0m
[38;2;255;255;255m@@@@@@@@@@@@@@@@@@[38;2;243;242;239m8[38;2;46;40;25ml[38;2;42;25;9m:[38;2;214;213;209mh[38;2;255;255;255m@@@[0m
[38;2;255;255;255m@@@@@@@@@@@@@@@@@[38;2;241;245;246m%[38;2;231;235;236mW[38;2;209;178;145mZ[38;2;81;41;8m>[38;2;163;154;143mU[38;2;255;255;255m@@@[0m
[38;2;255;255;255m@@@@@@@@@@@@@@[38;2;254;254;254m$$[38;2;253;254;254m$[38;2;220;226;228m*[38;2;254;254;254m$[38;2;205;205;204mb[38;2;2;2;2m [38;2;22;25;26m,[38;2;239;243;245m8[38;2;255;255;255m@@[0m
[38;2;255;255;255m@@@@@@@@@@@@[38;2;246;248;249m%[38;2;95;102;104m|[38;2;26;28;29m:[38;2;11;14;15m^[38;2;40;45;44m![38;2;143;143;143mc[38;2;241;241;241m8[38;2;183;183;182mZ[38;2;2;2;2m  [38;2;137;145;147mc[38;2;255;255;255m@@[0m
[38;2;255;255;255m@@@@[38;2;254;243;185m&[38;2;254;243;182m&&&&&&&[38;2;115;118;105mf[38;2;2;2;2m [38;2;90;91;91m1[38;2;236;237;237m&[38;2;234;223;210m*[38;2;152;83;14m)[38;2;156;111;73mj[38;2;218;218;218ma[38;2;4;5;4m.[38;2;2;2;2m [38;2;61;65;66m_[38;2;254;255;255m$[38;2;255;255;255m@[0m
[38;2;255;255;255m@@@@[38;2;250;216;27mb[38;2;250;215;21mbbb[38;2;250;215;22mbb[38;2;250;215;21mb[38;2;246;211;22md[38;2;19;17;7m"[38;2;4;5;5m.[38;2;230;230;230mM[38;2;254;254;254m$[38;2;253;251;249m$[38;2;102;95;88m([38;2;11;9;5m`[38;2;112;113;113mt[38;2;2;2;2m [38;2;26;26;26m:[38;2;5;7;8m.[38;2;222;228;230m#[38;2;255;255;255m@[0m
[38;2;255;255;255m@@@@[38;2;250;216;28mb[38;2;250;215;23mb[38;2;250;215;24mb[38;2;250;215;21mb[38;2;250;215;23mb[38;2;250;215;25mb[38;2;250;215;22mb[38;2;222;190;20mO[38;2;2;2;2m [38;2;8;8;8m`[38;2;240;240;239m&[38;2;254;254;254m$[38;2;240;240;240m&[38;2;239;240;240m&[38;2;138;121;99mr[38;2;69;69;68m-[38;2;32;33;32m;[38;2;13;13;13m^[38;2;2;2;2m [38;2;198;201;203md[38;2;255;255;255m@[0m
[38;2;255;255;255m@@@@[38;2;250;216;26mb[38;2;122;105;12m([38;2;108;93;10m{[38;2;248;213;19md[38;2;145;124;13mf[38;2;151;130;13mr[38;2;250;215;22mb[38;2;228;195;22mm[38;2;25;25;25m,[38;2;27;27;25m:[38;2;248;248;248mB[38;2;254;254;254m$[38;2;233;222;171mo[38;2;241;238;223m&[38;2;226;225;218m*[38;2;98;98;98m([38;2;44;45;43mi[38;2;2;2;2m  [38;2;186;191;192mw[38;2;255;255;255m@[0m
[38;2;154;162;165mJ[38;2;43;53;57m>[38;2;43;58;64m<[38;2;70;76;78m][38;2;225;194;20mZ[38;2;93;79;8m][38;2;75;64;7m+[38;2;146;125;12mj[38;2;8;7;3m.[38;2;36;30;5m:[38;2;183;157;15mX[38;2;246;211;23md[38;2;51;50;46m>[38;2;132;132;131mn[38;2;254;254;254m$$[38;2;238;214;82mb[38;2;229;209;99md[38;2;245;245;244m%[38;2;226;226;226m#[38;2;129;129;127mx[38;2;21;22;22m\[38;2;2;2;2m [38;2;203;209;212mk[38;2;255;255;255m@[0m
[38;2;153;169;176mC[38;2;70;87;93m}[38;2;62;73;77m-[38;2;2;2;2m [38;2;162;139;14mn[38;2;92;79;8m][38;2;75;65;7m+[38;2;238;204;18mq[38;2;21;18;4m"[38;2;111;95;10m1[38;2;244;209;20mp[38;2;250;215;21mb[38;2;50;45;16m![38;2;224;224;223m*[38;2;254;254;254m$[38;2;244;241;226m&[38;2;243;209;22mp[38;2;163;155;109mY[38;2;169;170;169mL[38;2;254;254;254m$$[38;2;165;165;165mC[38;2;13;16;16m"[38;2;241;244;245m8[38;2;255;255;255m@[0m
[38;2;50;53;55m<[38;2;41;48;51mi[38;2;87;99;104m)[38;2;3;4;4m.[38;2;159;136;14mx[38;2;92;78;8m][38;2;75;64;7m+[38;2;247;212;19md[38;2;33;28;4m:[38;2;60;51;6m>[38;2;203;175;17mC[38;2;250;214;20md[38;2;86;75;16m?[38;2;145;145;144mz[38;2;254;254;254m$[38;2;240;229;169m#[38;2;250;214;19md[38;2;235;217;127mh[38;2;159;160;159mJ[38;2;245;245;244m%[38;2;254;254;254m$[38;2;179;180;179mO[38;2;43;50;52m>[38;2;255;255;255m@@[0m
[38;2;217;224;226m*[38;2;172;180;183mO[38;2;217;223;225mo[38;2;178;188;193mm[38;2;222;191;22mO[38;2;194;166;15mU[38;2;178;153;15mz[38;2;245;211;18mp[38;2;179;153;14mz[38;2;171;147;14mv[38;2;227;195;19mZ[38;2;212;183;21mQ[38;2;57;50;9mi[38;2;111;107;84m\[38;2;237;233;211mM[38;2;236;220;128mh[38;2;249;213;19md[38;2;140;122;29mf[38;2;123;118;94mf[38;2;181;178;156m0[38;2;213;212;206mh[38;2;64;65;63m_[38;2;31;31;31m;[38;2;120;126;128mr[38;2;243;245;246m%[0m
[38;2;255;255;255m@@@@[38;2;250;216;27mb[38;2;121;103;11m([38;2;50;42;6ml[38;2;233;201;17mw[38;2;102;87;9m}[38;2;186;160;14mX[38;2;234;201;18mw[38;2;234;202;17mw[38;2;230;197;17mm[38;2;225;193;19mZ[38;2;250;215;22mb[38;2;234;201;18mw[38;2;233;200;18mw[38;2;247;212;19md[38;2;227;195;17mZ[38;2;238;205;20mq[38;2;220;217;176mh[38;2;225;230;232m#[38;2;253;253;253m$[38;2;215;221;224mo[38;2;223;229;231m#[0m
[38;2;255;255;255m@@@@[38;2;250;216;26mb[38;2;121;103;10m([38;2;49;42;6ml[38;2;225;194;17mZ[38;2;15;12;4m^[38;2;153;131;13mr[38;2;97;83;9m[[38;2;33;29;5m:[38;2;32;27;5m:[38;2;8;7;3m.[38;2;181;156;14mz[38;2;93;80;10m][38;2;78;67;8m_[38;2;229;197;17mm[38;2;10;9;3m`[38;2;151;129;14mr[38;2;108;108;68m|[38;2;12;18;20m"[38;2;86;100;105m([38;2;13;16;17m"[38;2;176;186;190mZ[0m
[38;2;255;255;255m@@@@[38;2;250;216;26mb[38;2;121;103;10m([38;2;49;42;6ml[38;2;225;194;17mZ[38;2;12;10;3m`[38;2;152;130;12mr[38;2;95;81;9m][38;2;62;53;6m>[38;2;227;195;18mZ[38;2;14;12;4m^[38;2;133;114;11m/[38;2;91;78;8m?[38;2;70;59;7m~[38;2;214;184;16m0[38;2;6;5;2m.[38;2;150;128;13mj[38;2;221;219;176ma[38;2;11;15;17m^[38;2;2;2;2m [38;2;76;85;89m}[38;2;255;255;255m@[0m
[38;2;255;255;255m@@@@[38;2;250;216;26mb[38;2;138;118;13mt[38;2;76;65;8m+[38;2;228;197;18mm[38;2;44;37;6mI[38;2;164;141;13mu[38;2;116;99;10m)[38;2;94;81;10m][38;2;235;201;17mw[38;2;45;39;7ml[38;2;150;128;12mj[38;2;157;134;13mx[38;2;34;29;4m:[38;2;87;74;8m?[38;2;42;36;6mI[38;2;161;138;13mn[38;2;81;87;54m}[38;2;50;63;68m+[38;2;148;160;165mU[38;2;18;27;31m,[38;2;119;137;145mn[0m
[38;2;255;255;255m@@@@[38;2;250;216;26mb[38;2;250;214;18mdd[38;2;250;214;20md[38;2;249;214;18md[38;2;249;214;20md[38;2;250;214;18md[38;2;250;214;19md[38;2;250;214;20md[38;2;250;214;18md[38;2;250;214;20md[38;2;250;214;18md[38;2;249;213;18md[38;2;250;214;18mdd[38;2;249;214;21md[38;2;251;244;198m8[38;2;253;254;254m$[38;2;255;255;255m@[38;2;251;252;252m$[38;2;252;253;253m$[0m