[38;2;65;67;65m|||||||||||[38;2;72;82;82mr[38;2;83;156;173mk[38;2;65;67;65m||||||||||||[0m
[38;2;65;67;65m|||||||||||[38;2;62;140;159mZ[38;2;15;172;213md[38;2;78;109;115mU[38;2;65;67;65m|||||||||||[0m
[38;2;65;67;65m||||||||||[38;2;70;76;76mf[38;2;36;180;217mo[38;2;22;173;213mb[38;2;65;168;193ma[38;2;65;67;65m|||||||||||[0m
[38;2;65;67;65m||||||||||[38;2;59;136;152mO[38;2;1;176;215mp[38;2;5;176;215md[38;2;17;178;216mk[38;2;84;124;132m0[38;2;65;67;65m||||||||||[0m
[38;2;65;67;65m|||||||||[38;2;88;109;111mJ[38;2;99;185;206mB[38;2;51;192;224m&[38;2;12;180;217mk[38;2;7;178;217md[38;2;49;190;223mW[38;2;81;98;100mz[38;2;65;67;65m|||||||||[0m
[38;2;65;67;65m||||||||[38;2;75;78;77mj[38;2;78;187;213m8[38;2;45;186;221m#[38;2;59;191;223m&[38;2;45;186;220m#[38;2;39;183;217m*[38;2;31;182;217ma[38;2;84;167;187m*[38;2;65;67;65m|||||||||[0m
[38;2;65;67;65m||||||||[38;2;90;144;155md[38;2;58;191;224m&[38;2;48;189;223mW[38;2;36;182;219mo[38;2;29;179;217mh[38;2;23;178;217mk[38;2;31;179;216ma[38;2;41;183;218m*[38;2;81;110;115mU[38;2;65;67;65m||||||||[0m
[38;2;65;67;65m|||||||[38;2;82;106;110mY[38;2;53;187;220mW[38;2;25;175;214mk[38;2;11;170;211mp[38;2;15;171;212md[38;2;28;176;215mh[38;2;12;170;211mppp[38;2;38;168;201mb[38;2;70;77;76mf[38;2;65;67;65m|||||||[0m
[38;2;65;67;65m||||||[38;2;78;87;87mn[38;2;25;167;202mp[38;2;12;170;211mpp[38;2;19;173;212mb[38;2;87;121;127mQ[38;2;65;67;65m|[38;2;68;146;164mq[38;2;12;170;211mppp[38;2;62;159;182mb[38;2;65;67;65m|||||||[0m
[38;2;65;67;65m||||||[38;2;61;151;174mp[38;2;12;170;211mppp[38;2;58;156;181md[38;2;65;67;65m||[38;2;72;76;74mf[38;2;39;172;206mk[38;2;12;170;211mp[38;2;13;171;212mp[38;2;12;171;211mp[38;2;78;127;138m0[38;2;65;67;65m||||||[0m
[38;2;65;67;65m|||||[38;2;70;112;121mU[38;2;13;171;211mp[38;2;12;170;211mppp[38;2;41;121;139mY[38;2;65;67;65m|||[38;2;32;138;164mL[38;2;12;170;211mp[38;2;11;171;212mp[38;2;51;185;219mM[38;2;93;182;204m%[38;2;65;67;65m||||||[0m
[38;2;65;67;65m||||[38;2;75;81;80mr[38;2;37;172;206mk[38;2;12;170;211mp[38;2;13;170;211mp[38;2;39;166;198mb[38;2;52;135;154m0[38;2;81;110;116mU[38;2;65;67;65m|||[38;2;83;124;133m0[38;2;49;138;160m0[38;2;28;169;205md[38;2;12;170;211mp[38;2;13;170;211mp[38;2;52;154;180mq[38;2;75;78;77mj[38;2;65;67;65m||||[0m
[38;2;65;67;65m|||[38;2;73;76;74mf[38;2;47;151;177mw[38;2;39;168;201mb[38;2;60;127;142mL[38;2;79;97;99mc[38;2;65;67;65m||||||||[38;2;73;76;74mf[38;2;65;100;107mv[38;2;49;135;156mQ[38;2;23;168;204mp[38;2;66;135;151mO[38;2;65;67;65m||||[0m
[38;2;65;67;65m|||[38;2;86;105;108mY[38;2;71;102;108mz[38;2;65;67;65m||||[38;2;80;81;79mr[38;2;69;71;69m/[38;2;65;67;65m||[38;2;73;83;83mr[38;2;72;78;77mf[38;2;65;67;65m|||||[38;2;85;123;131m0[38;2;73;76;74mf[38;2;65;67;65m|||[0m
[38;2;78;80;77mr[38;2;75;77;75mf[38;2;79;81;79mr[38;2;82;84;82mx[38;2;79;81;79mr[38;2;86;88;86mu[38;2;80;82;79mr[38;2;85;87;85mu[38;2;73;75;72mf[38;2;118;119;117mZ[38;2;95;97;94mX[38;2;80;82;80mr[38;2;65;67;65m|[38;2;71;137;153mZ[38;2;87;107;111mU[38;2;65;67;65m|[38;2;85;90;88mu[38;2;79;82;80mr[38;2;65;67;65m|||||||[0m
[38;2;105;107;104mC[38;2;127;129;126mp[38;2;105;107;104mC[38;2;124;126;123mq[38;2;104;106;103mJ[38;2;126;128;125mp[38;2;97;99;96mY[38;2;93;95;93mz[38;2;97;99;96mY[38;2;122;123;121mw[38;2;106;108;105mC[38;2;95;97;95mX[38;2;91;93;91mc[38;2;64;138;153mZ[38;2;97;167;183m#[38;2;95;170;187mM[38;2;86;133;144mm[38;2;87;153;168mk[38;2;71;128;140m0[38;2;87;117;122mL[38;2;65;67;65m|[38;2;130;178;188m@[38;2;113;159;169m#[38;2;84;124;132m0[38;2;113;141;146mb[0m
[38;2;108;110;107mL[38;2;95;97;94mX[38;2;84;85;83mn[38;2;112;114;111m0[38;2;74;76;73mf[38;2;87;89;86mu[38;2;83;85;83mnn[38;2;96;98;96mX[38;2;102;104;101mJ[38;2;76;78;75mj[38;2;80;82;79mr[38;2;98;100;97mY[38;2;62;130;145mQ[38;2;90;157;174ma[38;2;113;176;191m%[38;2;65;67;65m|[38;2;93;119;122mQ[38;2;33;122;140mX[38;2;70;111;119mY[38;2;65;67;65m|[38;2;107;174;190m8[38;2;75;103;108mz[38;2;80;166;186mo[38;2;79;97;99mc[0m
[38;2;91;93;91mc[38;2;104;106;103mJ[38;2;118;120;117mZ[38;2;112;114;111m0[38;2;74;76;74mf[38;2;65;67;65m|[38;2;91;93;91mc[38;2;103;105;102mJ[38;2;100;102;100mU[38;2;123;125;122mw[38;2;72;74;72mt[38;2;89;91;89mv[38;2;95;97;95mX[38;2;82;120;128mL[38;2;88;126;135mO[38;2;107;143;150mb[38;2;65;67;65m|[38;2;92;107;109mJ[38;2;76;111;117mU[38;2;66;140;157mm[38;2;77;142;157mq[38;2;92;138;149mq[38;2;97;151;163mh[38;2;65;67;65m|[38;2;100;151;162mh[0m