[38;2;0;0;0m                    [38;2;89;14;14m_[38;2;26;6;6m\[38;2;0;0;0m   [0m
[38;2;0;0;0m     [38;2;38;16;16ml[38;2;0;0;0m           [38;2;51;19;19m>[38;2;13;6;6m^[38;2;0;0;0m [38;2;153;8;8m{[38;2;102;15;15m?[38;2;0;0;0m   [0m
[38;2;0;0;0m    [38;2;17;7;7m"[38;2;153;18;18m|[38;2;0;0;0m           [38;2;85;17;17m_[38;2;115;20;20m}[38;2;0;0;0m [38;2;217;8;8mj[38;2;179;23;23mj[38;2;0;0;0m   [0m
[38;2;0;0;0m    [38;2;119;23;23m1[38;2;255;12;12mz[38;2;38;12;12mI[38;2;0;0;0m          [38;2;187;22;22mr[38;2;230;19;19mc[38;2;51;16;16mi[38;2;255;3;3mu[38;2;230;14;14mu[38;2;0;0;0m   [0m
[38;2;0;0;0m    [38;2;170;11;11m|[38;2;255;0;0mn[38;2;230;26;26mX[38;2;68;27;27m-[38;2;102;45;45m\[38;2;170;73;73m0[38;2;153;61;61mYYY[38;2;158;67;67mJ[38;2;103;43;43m\[38;2;94;39;39m)[38;2;166;27;27mj[38;2;255;0;0mn[38;2;255;5;5mv[38;2;0;0;0m [38;2;153;16;16m([38;2;64;12;12mi[38;2;0;0;0m   [0m
[38;2;0;0;0m    [38;2;170;13;13m|[38;2;255;39;39mO[38;2;255;92;92m8[38;2;255;102;102m@[38;2;149;60;60mX[38;2;63;26;26m_[38;2;148;60;60mX[38;2;244;98;98m%[38;2;188;76;76mw[38;2;83;34;34m}[38;2;107;43;43m/[38;2;223;90;90m*[38;2;255;98;98mB[38;2;255;66;66mh[38;2;255;16;16mX[38;2;0;0;0m [38;2;204;21;21mn[38;2;13;8;8m"[38;2;0;0;0m   [0m
[38;2;0;0;0m    [38;2;102;28;28m{[38;2;255;101;101m$[38;2;255;102;102m@@@[38;2;246;99;99m%[38;2;94;39;39m)[38;2;208;84;84mk[38;2;87;35;35m{[38;2;205;83;83mb[38;2;255;102;102m@@@@[38;2;217;73;73md[38;2;17;10;10m\[38;2;217;22;22mv[38;2;0;0;0m    [0m
[38;2;0;0;0m    [38;2;85;23;23m?[38;2;255;31;31mL[38;2;255;85;85mW[38;2;255;102;102m@[38;2;160;65;65mJ[38;2;74;30;30m][38;2;139;56;56mv[38;2;245;99;99m%[38;2;141;57;57mc[38;2;74;30;30m][38;2;133;54;54mu[38;2;238;95;95m&[38;2;255;93;93m%[38;2;255;57;57md[38;2;191;15;15mf[38;2;119;25;25m1[38;2;153;28;28mt[38;2;0;0;0m    [0m
[38;2;0;0;0m    [38;2;85;23;23m?[38;2;255;0;0mnn[38;2;255;13;13mz[38;2;209;20;20mn[38;2;215;40;40mJ[38;2;255;63;63mk[38;2;255;68;68mh[38;2;255;66;66mh[38;2;254;58;58md[38;2;185;18;18mf[38;2;243;20;20mX[38;2;255;1;1mn[38;2;255;0;0mn[38;2;223;25;25mz[38;2;234;14;14mv[38;2;48;11;11ml[38;2;0;0;0m    [0m
[38;2;0;0;0m    [38;2;85;23;23m?[38;2;255;0;0mnnnnnnnnnnnnn[38;2;255;7;7mv[38;2;153;40;40mx[38;2;0;0;0m     [0m
[38;2;0;0;0m    [38;2;85;26;26m][38;2;255;0;0mnnnnnnnnnnnnn[38;2;217;14;14mx[38;2;0;0;0m      [0m
[38;2;0;0;0m     [38;2;204;27;27mv[38;2;255;0;0mnnnnnnnnnnn[38;2;238;7;7mn[38;2;128;45;45mj[38;2;0;0;0m      [0m
[38;2;0;0;0m      [38;2;77;17;17m+[38;2;136;11;11m}[38;2;204;21;21mn[38;2;204;6;6mt[38;2;255;24;24mJ[38;2;255;3;3mu[38;2;255;10;10mc[38;2;230;17;17mv[38;2;221;17;17mu[38;2;166;17;17m\[38;2;89;10;10m~[38;2;17;6;6m"[38;2;0;0;0m       [0m
[38;2;0;0;0m                         [0m
[38;2;0;0;0m  [38;2;102;0;0m<[38;2;114;0;0m~[38;2;152;0;0m[[38;2;25;0;0m^[38;2;98;0;0m>[38;2;150;0;0m][38;2;152;0;0m[[38;2;0;0;0m [38;2;77;0;0ml[38;2;120;0;0m+[38;2;152;0;0m[[38;2;75;0;0ml[38;2;0;0;0m [38;2;102;0;0m<[38;2;127;0;0m_[38;2;135;0;0m-[38;2;0;0;0m [38;2;102;0;0m<[38;2;114;0;0m~[38;2;137;0;0m?[38;2;0;0;0m   [0m
[38;2;0;0;0m  [38;2;170;0;0m{[38;2;63;0;0m;[38;2;202;0;0m\[38;2;51;0;0m:[38;2;188;0;0m([38;2;101;0;0m<[38;2;38;0;0m\[38;2;0;0;0m [38;2;128;0;0m_[38;2;0;0;0m [38;2;11;0;0m.[38;2;208;0;0m/[38;2;0;0;0m [38;2;140;0;0m?[38;2;76;0;0ml[38;2;250;0;0mx[38;2;0;0;0m [38;2;170;0;0m{[38;2;12;0;0m.[38;2;202;0;0m\[38;2;0;0;0m   [0m
[38;2;0;0;0m  [38;2;170;0;0m{[38;2;62;0;0m;[38;2;151;0;0m[[38;2;114;0;0m~[38;2;13;0;0m.[38;2;59;0;0m;[38;2;177;0;0m1[38;2;82;0;0m![38;2;128;0;0m_[38;2;0;0;0m [38;2;11;0;0m.[38;2;208;0;0m/[38;2;0;0;0m [38;2;140;0;0m?[38;2;99;0;0m>[38;2;218;0;0mt[38;2;24;0;0m^[38;2;170;0;0m{[38;2;102;0;0m<[38;2;87;0;0mi[38;2;0;0;0m   [0m
[38;2;0;0;0m  [38;2;128;0;0m_[38;2;141;0;0m?[38;2;190;0;0m([38;2;78;0;0ml[38;2;143;0;0m?[38;2;186;0;0m))[38;2;41;0;0m\[38;2;96;0;0m>[38;2;142;0;0m?[38;2;190;0;0m([38;2;94;0;0m>[38;2;0;0;0m [38;2;96;0;0m>[38;2;0;0;0m [38;2;101;0;0m<[38;2;90;0;0mi[38;2;128;0;0m_[38;2;0;0;0m     [0m