[38;2;0;0;0m       [38;2;10;18;24m:[38;2;34;67;91m\[38;2;54;108;145mL[38;2;67;135;182mh[38;2;68;135;182mhhhh[38;2;51;101;136mJ[38;2;27;54;73m{[38;2;4;9;12m^[38;2;0;0;0m       [0m
[38;2;0;0;0m     [38;2;4;8;11m^[38;2;45;89;120mv[38;2;81;162;218m@@@@@@@@@@[38;2;76;151;203m&[38;2;36;73;98mf[38;2;0;0;0m      [0m
[38;2;0;0;0m     [38;2;57;113;153mO[38;2;81;162;218m@@@@@@@[38;2;69;138;185ma[38;2;65;130;174mb[38;2;77;154;207m8[38;2;81;162;218m@@@[38;2;54;108;145mL[38;2;4;8;11m^[38;2;0;0;0m    [0m
[38;2;0;0;0m    [38;2;60;118;159mm[38;2;81;162;218m@@@@@@[38;2;73;146;196mM[38;2;16;32;44m>[38;2;20;41;54m_[38;2;32;65;87m|[38;2;16;33;44m>[38;2;57;113;153mO[38;2;81;162;218m@@@[38;2;45;89;120mv[38;2;0;0;0m    [0m
[38;2;0;0;0m   [38;2;24;47;64m][38;2;81;162;218m@@@@@@@[38;2;41;81;109mx[38;2;22;45;61m?[38;2;81;162;218m@@[38;2;64;128;173md[38;2;20;40;55m_[38;2;81;162;218m@@@@[38;2;10;20;27m;[38;2;0;0;0m   [0m
[38;2;0;0;0m   [38;2;41;81;109mx[38;2;81;162;218m@@@@@@@[38;2;41;81;109mx[38;2;27;54;73m{[38;2;81;162;218m@@@@@@@@[38;2;20;41;55m_[38;2;0;0;0m   [0m
[38;2;0;0;0m   [38;2;41;81;109mx[38;2;81;162;218m@@@[38;2;65;130;174mb[38;2;24;49;65m][38;2;16;32;44m>[38;2;32;65;87m|[38;2;41;81;109mx[38;2;5;11;15m"[38;2;16;32;44m>[38;2;38;76;102mj[38;2;81;162;218m@@@@@@[38;2;20;41;55m_[38;2;0;0;0m   [0m
[38;2;0;0;0m   [38;2;41;81;109mx[38;2;81;162;218m@@[38;2;61;122;163mw[38;2;5;11;15m"[38;2;60;122;163mw[38;2;81;162;218m@@[38;2;41;81;109mx[38;2;27;54;73m{[38;2;81;162;218m@@@@@@@@[38;2;20;41;54m_[38;2;0;0;0m   [0m
[38;2;0;0;0m   [38;2;41;81;109mx[38;2;81;162;218m@@[38;2;41;81;109mx[38;2;27;54;73m{[38;2;81;162;218m@@@[38;2;41;81;109mx[38;2;27;54;73m{[38;2;81;162;218m@@@@@@@[38;2;73;146;196mM[38;2;0;0;0m    [0m
[38;2;0;0;0m   [38;2;41;81;109mx[38;2;81;162;218m@@[38;2;68;135;182mh[38;2;14;27;36m![38;2;41;81;109mx[38;2;54;108;145mL[38;2;47;95;127mX[38;2;17;34;45m<[38;2;63;126;170mp[38;2;81;162;218m@@@@@@[38;2;77;153;206m8[38;2;20;41;55m_[38;2;0;0;0m    [0m
[38;2;0;0;0m   [38;2;41;81;109mx[38;2;81;162;218m@@@@[38;2;57;113;153mO[38;2;49;97;131mY[38;2;53;105;142mC[38;2;77;154;207m8[38;2;81;162;218m@@@@@@[38;2;69;138;185ma[38;2;11;22;29mI[38;2;0;0;0m     [0m
[38;2;0;0;0m   [38;2;37;73;98mf[38;2;81;162;218m@@@@@@@@@@@@[38;2;65;130;174mb[38;2;32;65;87m|[38;2;0;0;0m       [0m
[38;2;0;0;0m    [38;2;27;54;73m{[38;2;32;65;87m||||||||||[38;2;12;24;33ml[38;2;0;0;0m         [0m
[38;2;61;121;164mw[38;2;57;115;154mO[38;2;63;126;170mp[38;2;10;20;27m;[38;2;0;0;0m       [38;2;81;162;218m@[38;2;0;0;0m             [0m
[38;2;81;162;218m@[38;2;45;89;120mv[38;2;5;11;15m"[38;2;44;89;120mv[38;2;65;130;174mb[38;2;57;113;153mO[38;2;12;24;33ml[38;2;5;11;15m"[38;2;49;97;131mY[38;2;65;130;174mb[38;2;57;113;153mO[38;2;81;162;218m@[38;2;0;0;0m [38;2;37;73;98mf[38;2;65;130;174mbb[38;2;37;73;98mf[38;2;0;0;0m [38;2;65;130;174mb[38;2;59;119;160mm[38;2;61;122;164mw[38;2;32;65;87m|[38;2;65;130;174mb[38;2;61;122;163mw[38;2;32;65;87m|[0m
[38;2;81;162;218m@[38;2;16;32;44m>[38;2;54;108;145mL[38;2;69;138;185ma[38;2;43;86;116mu[38;2;77;154;207m8[38;2;57;113;153mO[38;2;70;140;189mo[38;2;49;97;131mY[38;2;5;11;15m"[38;2;32;65;87m|[38;2;81;162;218m@[38;2;43;86;116mu[38;2;69;138;185ma[38;2;11;22;29mI[38;2;16;33;44m>[38;2;73;146;196mM[38;2;32;65;87m|[38;2;81;162;218m@[38;2;16;32;44m>[38;2;8;16;22m,[38;2;28;57;76m1[38;2;43;86;116mu[38;2;61;122;164mw[38;2;81;162;218m@[0m
[38;2;81;162;218m@[38;2;0;0;0m [38;2;59;119;160mm[38;2;81;162;218m@[38;2;49;97;131mY[38;2;28;57;76m1[38;2;20;41;54m_[38;2;76;151;204m&[38;2;45;89;120mv[38;2;0;0;0m [38;2;24;49;65m][38;2;81;162;218m@[38;2;43;86;116mu[38;2;65;130;174mb[38;2;5;11;15m"[38;2;4;8;11m^[38;2;69;138;185ma[38;2;38;76;102mj[38;2;81;162;218m@[38;2;0;0;0m [38;2;12;24;33ml[38;2;81;162;218m@[38;2;38;76;102mj[38;2;45;89;120mv[38;2;81;162;218m@[0m
[38;2;65;130;174mb[38;2;0;0;0m [38;2;5;11;15m"[38;2;53;105;142mC[38;2;65;130;174mbb[38;2;32;65;87m|[38;2;11;22;29mI[38;2;57;113;153mO[38;2;65;130;174mb[38;2;61;122;164mw[38;2;65;130;174mb[38;2;0;0;0m [38;2;48;97;131mY[38;2;65;130;174mbb[38;2;40;81;109mx[38;2;0;0;0m [38;2;65;130;174mb[38;2;0;0;0m [38;2;4;8;11m^[38;2;61;122;164mw[38;2;65;130;174mb[38;2;61;122;164mw[38;2;65;130;174mb[0m