[38;2;124;1;10m0[38;2;169;1;14m&[38;2;146;1;12mb[38;2;103;1;9mz[38;2;47;0;4m_[38;2;2;0;0m [38;2;0;0;0m  [38;2;3;0;0m.[38;2;36;0;3m>[38;2;68;0;6m)[38;2;88;0;7mr[38;2;97;1;8mv[38;2;95;1;8mu[38;2;83;0;7mf[38;2;59;0;5m}[38;2;23;0;2m;[38;2;0;0;0m   [38;2;16;0;1m\[38;2;74;0;6m|[38;2;121;1;10mQ[38;2;149;1;12mk[38;2;120;1;10mL[0m
[38;2;151;1;12mh[38;2;181;1;15m@@@@[38;2;110;1;9mU[38;2;42;0;3m~[38;2;113;1;9mJ[38;2;169;1;14m&[38;2;181;1;15m@@@@@@@[38;2;172;1;14m8[38;2;119;1;10mL[38;2;59;0;5m}[38;2;125;1;10m0[38;2;178;1;15mB[38;2;181;1;15m@@@[38;2;159;1;13m*[0m
[38;2;79;0;7m/[38;2;181;1;15m@@[38;2;165;1;14mW[38;2;78;0;6m/[38;2;127;1;11mO[38;2;181;1;15m@@@@@@@@@[38;2;170;1;14m&[38;2;26;0;2mI[38;2;143;1;12md[38;2;181;1;15m@@@@@@[38;2;84;0;7mf[0m
[38;2;4;0;0m.[38;2;148;1;12mk[38;2;152;1;13ma[38;2;72;0;6m|[38;2;170;1;14m&[38;2;181;1;15m@@@@@@@@@@[38;2;180;1;15m$[38;2;70;0;6m([38;2;180;1;15m$[38;2;181;1;15m@@@@@[38;2;149;1;12mk[38;2;5;0;0m.[0m
[38;2;0;0;0m [38;2;30;0;2m![38;2;69;0;6m([38;2;177;1;15mB[38;2;181;1;15m@@@@@@@@@@@@[38;2;157;1;13mo[38;2;104;1;9mX[38;2;180;1;15m$[38;2;181;1;15m@@@[38;2;172;1;14m8[38;2;31;0;3m![38;2;0;0;0m [0m
[38;2;0;0;0m [38;2;15;0;1m\[38;2;167;1;14mW[38;2;181;1;15m@@@@@@@@@@@@@@[38;2;164;1;14mM[38;2;105;1;9mX[38;2;149;1;12mk[38;2;181;1;15m@[38;2;176;1;15mB[38;2;80;0;7mt[38;2;118;1;10mL[38;2;0;0;0m [0m
[38;2;0;0;0m [38;2;99;1;8mc[38;2;181;1;15m@@@@@@@@@@@@@@@@@[38;2;132;1;11mm[38;2;82;0;7mt[38;2;37;0;3m>[38;2;73;0;6m|[38;2;181;1;15m@[38;2;40;0;3m~[0m
[38;2;0;0;0m [38;2;163;1;14mM[38;2;181;1;15m@@@@@@@@@@@@@@@@@@@@@@[38;2;105;1;9mX[0m
[38;2;17;0;1m,[38;2;181;1;15m@@@@@@@@@@@@@@@@@@@@@@@[38;2;140;1;12mp[0m
[38;2;23;0;2m;[38;2;181;1;15m@@@@@@@@@@@@@@@@@@@@@@@[38;2;146;1;12mb[0m
[38;2;5;0;0m.[38;2;177;1;15mB[38;2;181;1;15m@@@@@@@@@@@@@@@@@@@@@@[38;2;124;1;10m0[0m
[38;2;0;0;0m [38;2;131;1;11mm[38;2;181;1;15m@@@@@@@@@@@@@@@@@@@@@@[38;2;73;0;6m|[0m
[38;2;0;0;0m [38;2;48;0;4m-[38;2;181;1;15m@@@@@@@@@@@@@@@@@@@@@[38;2;163;1;13mM[38;2;8;0;1m^[0m
[38;2;0;0;0m  [38;2;110;1;9mU[38;2;181;1;15m@@@@@@@@@@@@@@@@@@@[38;2;180;1;15m$[38;2;53;0;4m?[38;2;0;0;0m [0m
[38;2;0;0;0m  [38;2;4;0;0m.[38;2;124;1;10m0[38;2;181;1;15m@@@@@@@@@@@@@@@@@[38;2;179;1;15m$[38;2;72;0;6m|[38;2;0;0;0m  [0m
[38;2;0;0;0m   [38;2;2;0;0m [38;2;91;0;8mx[38;2;177;1;15mB[38;2;181;1;15m@@@@@@@@@@@@@@[38;2;162;1;13m#[38;2;49;0;4m-[38;2;0;0;0m   [0m
[38;2;0;0;0m     [38;2;29;0;2ml[38;2;118;1;10mL[38;2;177;1;15mB[38;2;181;1;15m@@@@@@@@@@[38;2;166;1;14mW[38;2;90;0;7mr[38;2;10;0;1m^[38;2;0;0;0m    [0m
[38;2;0;0;0m       [38;2;15;0;1m\[38;2;70;0;6m([38;2;115;1;10mC[38;2;147;1;12mk[38;2;168;1;14m&[38;2;177;1;15mB[38;2;175;1;15m%[38;2;162;1;13m#[38;2;138;1;11mq[38;2;102;1;8mz[38;2;53;0;4m?[38;2;4;0;0m.[38;2;0;0;0m      [0m