[38;2;0;0;0m       [38;2;32;31;36m;[38;2;112;111;127mt[38;2;139;137;159mc[38;2;133;132;160mu[38;2;129;127;162mn[38;2;93;92;117m)[38;2;60;60;67m+[38;2;10;10;10m`[38;2;0;0;0m          [0m
[38;2;0;0;0m     [38;2;31;30;34m;[38;2;165;163;183mL[38;2;236;234;244m&[38;2;254;253;252m$[38;2;250;249;254mB[38;2;237;236;253m&[38;2;216;216;250mo[38;2;200;199;253mb[38;2;183;181;245mw[38;2;178;177;221mZ[38;2;108;108;117m/[38;2;23;23;23m,[38;2;0;0;0m        [0m
[38;2;0;0;0m    [38;2;22;21;24m\[38;2;188;184;207mw[38;2;253;252;253m$[38;2;254;254;254m@[38;2;254;254;253m$[38;2;252;252;253m$[38;2;239;240;248m8[38;2;216;217;243mo[38;2;220;221;250m*[38;2;201;199;251mb[38;2;188;185;253mq[38;2;174;172;245mZ[38;2;175;174;215mO[38;2;84;85;88m{[38;2;0;0;0m       [0m
[38;2;0;0;0m    [38;2;92;89;106m1[38;2;235;233;246mW[38;2;254;254;254m@@[38;2;254;254;253m$[38;2;236;234;249m&[38;2;170;169;223m0[38;2;138;135;154mv[38;2;156;154;190mJ[38;2;217;216;249mo[38;2;195;193;253md[38;2;187;184;253mq[38;2;178;176;251mm[38;2;176;174;229mZ[38;2;162;162;169mC[38;2;23;23;23m,[38;2;0;0;0m     [0m
[38;2;0;0;0m    [38;2;67;67;72m-[38;2;147;146;178mX[38;2;198;199;225md[38;2;238;238;249m&[38;2;254;254;254m@[38;2;254;254;252m$[38;2;233;233;248mW[38;2;196;196;221md[38;2;201;198;226md[38;2;218;217;252m*[38;2;201;201;253mk[38;2;191;191;253mp[38;2;185;185;253mq[38;2;181;180;251mw[38;2;174;172;234mO[38;2;150;150;155mX[38;2;12;12;12m^[38;2;0;0;0m    [0m
[38;2;0;0;0m    [38;2;12;12;12m^[38;2;157;156;160mU[38;2;140;136;149mv[38;2;134;132;154mu[38;2;184;181;215mm[38;2;251;250;253m$[38;2;254;254;254m@@[38;2;242;241;253m8[38;2;223;222;252m#[38;2;209;207;253mh[38;2;200;199;253mb[38;2;195;194;252md[38;2;203;204;250mk[38;2;211;212;242ma[38;2;148;148;161mX[38;2;86;86;86m{[38;2;0;0;0m    [0m
[38;2;0;0;0m     [38;2;10;10;10m`[38;2;116;116;120mf[38;2;198;197;211md[38;2;242;242;248m8[38;2;254;254;253m$[38;2;254;254;254m@[38;2;253;253;254m$[38;2;241;241;253m8[38;2;228;226;253mM[38;2;217;216;253mo[38;2;214;212;253mo[38;2;222;222;251m#[38;2;187;190;217mq[38;2;120;119;151mr[38;2;133;133;135mu[38;2;72;72;72m?[38;2;0;0;0m    [0m
[38;2;0;0;0m     [38;2;99;98;111m|[38;2;232;231;242mW[38;2;254;254;253m$[38;2;254;254;254m@@[38;2;254;253;254m$[38;2;248;247;254mB[38;2;239;237;252m8[38;2;232;230;252mW[38;2;233;234;251m&[38;2;207;209;234mh[38;2;151;153;187mU[38;2;110;108;122m/[38;2;135;135;135mu[38;2;121;121;121mj[38;2;0;0;0m     [0m
[38;2;0;0;0m    [38;2;97;94;110m([38;2;226;222;246m#[38;2;248;248;253mB[38;2;250;249;254mBB[38;2;249;247;254mB[38;2;244;243;254m%[38;2;240;237;253m8[38;2;240;239;252m8[38;2;215;215;239mo[38;2;156;157;194mJ[38;2;117;119;140mj[38;2;108;108;113m/[38;2;139;139;139mv[38;2;87;87;87m{[38;2;0;0;0m      [0m
[38;2;0;0;0m    [38;2;132;127;153mn[38;2;215;212;251mo[38;2;226;223;253m#[38;2;229;227;253mM[38;2;232;229;253mWW[38;2;225;225;244m#[38;2;191;194;221mp[38;2;154;155;192mJ[38;2;126;125;149mx[38;2;105;104;115m\[38;2;145;145;145mz[38;2;127;127;127mx[38;2;11;11;11m`[38;2;0;0;0m       [0m
[38;2;0;0;0m    [38;2;97;97;106m([38;2;150;149;187mY[38;2;178;175;223mZ[38;2;179;177;227mZ[38;2;166;166;213mQ[38;2;152;153;193mU[38;2;137;136;167mv[38;2;122;120;131mr[38;2;110;109;112m/[38;2;142;141;142mc[38;2;124;124;124mr[38;2;45;45;46mi[38;2;0;0;0m         [0m
[38;2;0;0;0m    [38;2;23;23;23m,[38;2;151;149;151mX[38;2;147;144;148mz[38;2;136;132;140mu[38;2;126;124;131mx[38;2;121;119;122mj[38;2;131;131;133mn[38;2;151;150;151mX[38;2;105;105;105m\[38;2;21;21;21m\[38;2;0;0;0m           [0m
[38;2;0;0;0m     [38;2;19;19;19m\[38;2;96;96;96m([38;2;135;135;135mu[38;2;103;103;103m|[38;2;67;67;67m-[38;2;47;47;46mi[38;2;0;0;0m    [38;2;13;13;13m^[38;2;49;49;49m>[38;2;14;14;14m^[38;2;0;0;0m       [0m
[38;2;51;51;51m>[38;2;55;55;55m<[38;2;33;33;33m;[38;2;81;81;82m}[38;2;47;47;47mi[38;2;56;56;56m~[38;2;87;87;87m{[38;2;86;86;86m{[38;2;64;64;64m_[38;2;72;72;72m?[38;2;76;76;76m][38;2;31;31;31m;[38;2;83;83;83m}[38;2;24;24;24m,[38;2;0;0;0m [38;2;26;26;26m:[38;2;94;94;94m)[38;2;38;38;38ml[38;2;52;52;53m<[38;2;56;56;56m~[38;2;50;50;50m>[38;2;19;19;19m\[38;2;58;58;58m~[38;2;59;59;59m+[38;2;54;54;54m<[0m
[38;2;69;69;69m-[38;2;11;11;11m`[38;2;45;45;45mi[38;2;55;55;55m<[38;2;73;73;73m??[38;2;36;36;36mI[38;2;121;121;121mj[38;2;90;90;90m1[38;2;96;96;97m([38;2;71;71;71m?[38;2;23;23;24m,[38;2;116;116;116mf[38;2;29;29;29m:[38;2;0;0;0m [38;2;25;25;25m,[38;2;112;112;112mt[38;2;56;56;56m~[38;2;47;47;47mi[38;2;26;26;26m:[38;2;71;71;71m?[38;2;26;26;26m:[38;2;65;65;65m_[38;2;74;74;74m][38;2;20;20;20m\[0m
[38;2;68;68;69m-[38;2;23;23;23m,[38;2;45;45;45mi[38;2;61;61;61m+[38;2;69;69;69m-[38;2;72;72;72m?[38;2;35;35;35mI[38;2;121;121;121mj[38;2;78;78;78m[[38;2;96;96;97m([38;2;70;70;71m?[38;2;24;24;24m,[38;2;116;116;116mf[38;2;29;29;29m:[38;2;0;0;0m [38;2;25;25;25m,[38;2;112;112;112mt[38;2;56;56;56m~[38;2;47;47;47mi[38;2;27;27;27m:[38;2;72;72;72m?[38;2;41;41;42m![38;2;63;63;64m_[38;2;75;75;75m][38;2;30;30;30m;[0m
[38;2;57;57;57m~[38;2;64;64;64m_[38;2;33;33;33m;[38;2;97;97;97m([38;2;56;56;56m~[38;2;71;71;71m?[38;2;58;58;58m~~[38;2;70;70;70m?[38;2;84;84;84m}[38;2;73;73;73m?[38;2;40;40;40ml[38;2;83;83;83m}[38;2;45;45;45mi[38;2;0;0;0m [38;2;52;52;52m<[38;2;82;82;82m}[38;2;49;49;49m>>[38;2;72;72;72m?[38;2;56;56;56m~[38;2;111;111;111mt[38;2;95;95;96m)[38;2;69;69;69m-[38;2;74;74;74m][0m
[38;2;64;64;64m_[38;2;73;73;73m?[38;2;0;0;0m                       [0m