[38;2;0;0;0m               [38;2;20;0;0m\[38;2;197;0;0mh[38;2;236;0;0m@[38;2;157;0;0mL[38;2;0;0;0m      [0m
[38;2;0;0;0m             [38;2;79;0;0m{{[38;2;39;0;0m![38;2;177;0;0mw[38;2;236;0;0m@@[38;2;184;0;0mp[38;2;20;0;0m\[38;2;0;0;0m    [0m
[38;2;0;0;0m     [38;2;98;0;0m\[38;2;157;0;0mL[38;2;131;0;0mc[38;2;39;0;0m![38;2;0;0;0m   [38;2;79;0;0m{[38;2;236;0;0m@@@@[38;2;210;0;0m#[38;2;177;0;0mw[38;2;182;0;0mp[38;2;118;0;0mx[38;2;0;0;0m    [0m
[38;2;0;0;0m   [38;2;20;0;0m\[38;2;210;0;0m#[38;2;236;0;0m@[38;2;157;0;0mL[38;2;236;0;0m@[38;2;216;0;0mW[38;2;79;0;0m{[38;2;0;0;0m [38;2;59;0;0m_[38;2;236;0;0m@@@@@[38;2;157;0;0mLL[38;2;183;0;0mp[38;2;157;0;0mL[38;2;20;0;0m\[38;2;0;0;0m   [0m
[38;2;0;0;0m   [38;2;118;0;0mx[38;2;236;0;0m@[38;2;59;0;0m_[38;2;0;0;0m  [38;2;157;0;0mL[38;2;236;0;0m@[38;2;118;0;0mx[38;2;157;0;0mL[38;2;184;0;0mp[38;2;236;0;0m@[38;2;210;0;0m#[38;2;98;0;0m\[38;2;138;0;0mX[38;2;236;0;0m@[38;2;20;0;0m\[38;2;52;0;0m~[38;2;39;0;0m![38;2;59;0;0m_[38;2;0;0;0m   [0m
[38;2;0;0;0m   [38;2;118;0;0mx[38;2;157;0;0mL[38;2;0;0;0m    [38;2;157;0;0mL[38;2;236;0;0m@[38;2;59;0;0m_[38;2;184;0;0mp[38;2;236;0;0m@[38;2;105;0;0mt[38;2;0;0;0m [38;2;79;0;0m{[38;2;236;0;0m@[38;2;39;0;0m![38;2;0;0;0m      [0m
[38;2;0;0;0m   [38;2;118;0;0mx[38;2;157;0;0mL[38;2;0;0;0m     [38;2;177;0;0mw[38;2;216;0;0mW[38;2;79;0;0m{[38;2;39;0;0m![38;2;0;0;0m  [38;2;177;0;0mw[38;2;210;0;0m#[38;2;0;0;0m       [0m
[38;2;0;0;0m   [38;2;98;0;0m\[38;2;236;0;0m@[38;2;20;0;0m\[38;2;0;0;0m  [38;2;20;0;0m\[38;2;157;0;0mL[38;2;20;0;0m\[38;2;197;0;0mh[38;2;236;0;0m@[38;2;118;0;0mx[38;2;79;0;0m{[38;2;157;0;0mL[38;2;216;0;0mW[38;2;26;0;0m:[38;2;0;0;0m       [0m
[38;2;0;0;0m   [38;2;30;0;0m;[38;2;236;0;0m@[38;2;148;0;0mJ[38;2;0;0;0m [38;2;79;0;0m{[38;2;207;0;0m*[38;2;118;0;0mx[38;2;0;0;0m [38;2;30;0;0m;[38;2;197;0;0mh[38;2;236;0;0m@@@[38;2;59;0;0m_[38;2;0;0;0m        [0m
[38;2;0;0;0m    [38;2;79;0;0m{[38;2;236;0;0m@@@[38;2;177;0;0mw[38;2;0;0;0m    [38;2;59;0;0m_[38;2;79;0;0m{[38;2;20;0;0m\[38;2;0;0;0m         [0m
[38;2;0;0;0m     [38;2;59;0;0m_[38;2;79;0;0m{{[38;2;0;0;0m                 [0m
[38;2;0;0;0m                         [0m
[38;2;0;0;0m                         [0m
[38;2;0;0;0m                         [0m
[38;2;0;0;0m                         [0m
[38;2;0;0;0m                         [0m
[38;2;0;0;0m                         [0m
[38;2;0;0;0m                         [0m