[38;2;0;0;0m        [38;2;15;48;35m_[38;2;24;77;56m|[38;2;34;106;78mc[38;2;43;134;99mO[38;2;49;154;113mb[38;2;40;125;92mC[38;2;33;102;75mu[38;2;24;77;56m|[38;2;12;38;28m>[38;2;0;0;0m        [0m
[38;2;0;0;0m     [38;2;3;10;7m^[38;2;21;67;49m1[38;2;53;166;122mo[38;2;46;144;106mw[38;2;37;115;85mY[38;2;12;38;28m>>[38;2;28;90;66mj[38;2;9;29;21ml[38;2;16;51;38m-[38;2;34;106;78mc[38;2;49;154;113mb[38;2;33;102;75mu[38;2;12;38;28m>[38;2;0;0;0m      [0m
[38;2;0;0;0m     [38;2;27;86;63mt[38;2;52;163;120ma[38;2;8;26;19mI[38;2;12;38;28m>[38;2;20;64;47m}[38;2;49;154;113mb[38;2;43;134;99mO[38;2;57;179;132m&[38;2;40;125;92mC[38;2;49;154;113mb[38;2;21;67;49m1[38;2;6;19;14m,[38;2;37;115;85mY[38;2;52;163;120ma[38;2;16;51;38m-[38;2;0;0;0m     [0m
[38;2;0;0;0m    [38;2;28;90;66mj[38;2;52;163;120ma[38;2;12;38;28m>[38;2;24;77;56m|[38;2;49;154;113mb[38;2;28;90;66mj[38;2;3;10;7m^[38;2;9;29;21ml[38;2;4;13;9m"[38;2;9;29;21ml[38;2;4;13;9m"[38;2;40;125;92mC[38;2;43;134;99mO[38;2;8;26;19mI[38;2;18;58;42m][38;2;53;166;122mo[38;2;15;48;35m_[38;2;0;0;0m    [0m
[38;2;0;0;0m   [38;2;6;19;14m,[38;2;53;166;122mo[38;2;27;86;63mt[38;2;18;58;42m][38;2;57;179;132m&[38;2;15;48;35m_[38;2;0;0;0m [38;2;15;48;35m_[38;2;49;154;113mb[38;2;53;166;122mo[38;2;37;115;85mY[38;2;8;26;19mI[38;2;0;0;0m [38;2;24;77;56m|[38;2;49;154;113mb[38;2;12;38;28m>[38;2;24;77;56m|[38;2;46;144;106mw[38;2;3;10;7m^[38;2;0;0;0m   [0m
[38;2;0;0;0m   [38;2;18;58;42m][38;2;45;141;103mm[38;2;12;38;28m>[38;2;52;163;120ma[38;2;12;38;28m>[38;2;0;0;0m [38;2;24;77;56m|[38;2;58;182;134m8[38;2;61;192;141m@@@[38;2;57;179;132m&[38;2;15;48;35m_[38;2;6;19;14m,[38;2;41;128;94mQ[38;2;31;96;71mx[38;2;16;51;38m-[38;2;43;134;99mO[38;2;9;29;21ml[38;2;0;0;0m   [0m
[38;2;0;0;0m   [38;2;27;86;63mt[38;2;49;154;113mb[38;2;21;67;49m1[38;2;46;144;106mw[38;2;0;0;0m  [38;2;41;128;94mQ[38;2;61;192;141m@@@@@[38;2;31;96;71mx[38;2;0;0;0m [38;2;57;179;132m&[38;2;43;134;99mO[38;2;12;38;28m>[38;2;55;173;127mM[38;2;12;38;28m>[38;2;0;0;0m   [0m
[38;2;0;0;0m   [38;2;18;58;42m][38;2;41;128;94mQ[38;2;9;29;21ml[38;2;55;173;127mM[38;2;8;26;19mI[38;2;0;0;0m [38;2;28;90;66mj[38;2;61;192;141m@@@@@[38;2;24;77;56m|[38;2;3;10;7m^[38;2;41;128;94mQ[38;2;31;96;71mx[38;2;20;64;47m}[38;2;46;144;106mw[38;2;3;10;7m^[38;2;0;0;0m   [0m
[38;2;0;0;0m   [38;2;6;19;14m,[38;2;57;179;132m&[38;2;24;77;56m|[38;2;21;67;49m1[38;2;53;166;122mo[38;2;9;29;21ml[38;2;4;13;9m"[38;2;24;77;56m|[38;2;55;173;127mM[38;2;49;154;113mb[38;2;52;163;120ma[38;2;16;51;38m-[38;2;0;0;0m [38;2;18;58;42m][38;2;53;166;122mo[38;2;18;58;42m][38;2;16;51;38m-[38;2;49;154;113mb[38;2;6;19;14m,[38;2;0;0;0m   [0m
[38;2;0;0;0m   [38;2;3;10;7m^[38;2;33;102;75mu[38;2;46;144;106mw[38;2;6;19;14m,[38;2;33;102;75mu[38;2;46;144;106mw[38;2;16;51;38m-[38;2;0;0;0m [38;2;6;19;14m,[38;2;12;38;28m>[38;2;3;10;7m^[38;2;0;0;0m [38;2;27;86;63mt[38;2;49;154;113mb[38;2;8;26;19mI[38;2;12;38;28m>[38;2;53;166;122mo[38;2;18;58;42m][38;2;0;0;0m    [0m
[38;2;0;0;0m    [38;2;4;13;9m"[38;2;40;125;92mC[38;2;49;154;113mb[38;2;4;13;9m"[38;2;18;58;42m][38;2;33;102;75mu[38;2;43;134;99mO[38;2;46;144;106mw[38;2;49;154;113mb[38;2;43;134;99mO[38;2;49;154;113mb[38;2;34;106;78mc[38;2;6;19;14m,[38;2;28;90;66mj[38;2;49;154;113mb[38;2;24;77;56m|[38;2;3;10;7m^[38;2;0;0;0m    [0m
[38;2;0;0;0m     [38;2;6;19;14m,[38;2;34;106;78mc[38;2;49;154;113mb[38;2;40;125;92mC[38;2;24;77;56m|[38;2;15;48;35m_[38;2;18;58;42m][38;2;33;102;75mu[38;2;15;48;35m_[38;2;12;38;28m>[38;2;21;67;49m1[38;2;43;134;99mO[38;2;41;128;94mQ[38;2;21;67;49m1[38;2;0;0;0m      [0m
[38;2;0;0;0m       [38;2;12;38;28m>[38;2;24;77;56m|[38;2;37;115;85mY[38;2;40;125;92mC[38;2;46;144;106mw[38;2;57;179;132m&[38;2;40;125;92mC[38;2;41;128;94mQ[38;2;37;115;85mY[38;2;21;67;49m1[38;2;4;13;9m"[38;2;0;0;0m       [0m
[38;2;0;0;0m                         [0m
[38;2;9;29;21ml[38;2;6;19;14m,[38;2;12;38;28m>[38;2;9;29;21ml[38;2;12;38;28m>[38;2;9;29;21ml[38;2;6;19;14m,[38;2;12;38;28m>>[38;2;8;26;19mI[38;2;4;4;4m..[38;2;6;5;5m`[38;2;0;0;0m [38;2;4;4;4m.[38;2;6;5;5m`[38;2;3;3;3m.[38;2;0;0;0m [38;2;4;4;4m.[38;2;6;5;5m`[38;2;3;3;3m.[38;2;4;4;4m..[38;2;6;5;5m``[0m
[38;2;49;154;113mb[38;2;43;134;99mO[38;2;33;102;75mu[38;2;61;192;141m@[38;2;53;166;122mo[38;2;46;144;106mw[38;2;43;134;99mO[38;2;61;192;141m@[38;2;49;154;113mb[38;2;37;115;85mY[38;2;21;20;20mI[38;2;11;11;11m\[38;2;15;14;14m,[38;2;21;20;20mI[38;2;26;25;25m![38;2;14;14;14m,[38;2;25;24;24m![38;2;15;14;14m,[38;2;22;22;22ml[38;2;6;5;5m`[38;2;21;20;20mI[38;2;24;23;23mll[38;2;11;11;11m\[38;2;28;27;27mi[0m
[38;2;55;173;127mM[38;2;52;163;120ma[38;2;20;64;47m}[38;2;61;192;141m@[38;2;37;115;85mY[38;2;27;86;63mt[38;2;49;154;113mb[38;2;61;192;141m@[38;2;34;106;78mc[38;2;24;77;56m|[38;2;21;20;20mI[38;2;0;0;0m [38;2;9;9;9m"[38;2;25;24;24m![38;2;28;27;27mi[38;2;21;20;20mII[38;2;19;18;18m;[38;2;21;20;20mI[38;2;4;4;4m.[38;2;18;18;18m;[38;2;27;26;26mi[38;2;9;9;9m"[38;2;7;7;7m^[38;2;28;27;27mi[0m
[38;2;34;108;79mc[38;2;23;72;53m)[38;2;41;128;94mQ[38;2;42;132;97m0[38;2;46;144;106mw[38;2;42;132;97m0[38;2;15;48;35m_[38;2;46;144;106mww[38;2;31;96;71mx[38;2;16;15;15m:[38;2;0;0;0m [38;2;7;7;7m^[38;2;16;15;15m:[38;2;12;11;11m\[38;2;18;17;17m;[38;2;19;19;19m;[38;2;2;2;2m [38;2;16;15;15m:[38;2;16;16;16m:[38;2;18;17;17m;[38;2;16;15;15m:[38;2;7;7;7m^[38;2;5;5;5m`[38;2;21;20;20mI[0m