[38;2;0;0;0m       [38;2;8;15;28m"[38;2;12;22;42m,,[38;2;14;27;52m:[38;2;35;65;125m---------[38;2;23;44;83mi[38;2;0;0;0m    [0m
[38;2;0;0;0m     [38;2;8;15;28m"[38;2;57;91;152m([38;2;112;153;214mC[38;2;134;176;231mm[38;2;139;181;234mq[38;2;88;130;199mv[38;2;48;91;174m(((((((((([38;2;12;22;42m,[38;2;0;0;0m   [0m
[38;2;0;0;0m    [38;2;12;22;42m,[38;2;101;134;190mc[38;2;189;218;252mW[38;2;161;206;255mo[38;2;144;188;241mp[38;2;131;175;232mm[38;2;72;120;201mx[38;2;54;106;199mttt[38;2;79;128;210mu[38;2;69;119;203mr[38;2;54;106;199mtt[38;2;88;127;178mu[38;2;54;106;197mt[38;2;54;106;199mt[38;2;12;22;42m,[38;2;0;0;0m   [0m
[38;2;0;0;0m   [38;2;4;7;14m`[38;2;70;112;185mj[38;2;217;234;254m@[38;2;151;196;249mk[38;2;77;119;190mx[38;2;23;44;84mi[38;2;26;48;93m>[38;2;54;103;194m/[38;2;56;107;200mtt[38;2;111;157;226mL[38;2;160;203;252ma[38;2;61;107;188mt[38;2;55;107;199mt[38;2;90;128;180mu[38;2;189;192;91mp[38;2;53;103;191m/[38;2;56;107;200mt[38;2;12;22;43m,[38;2;0;0;0m   [0m
[38;2;0;0;0m   [38;2;17;33;63mI[38;2;140;182;235mq[38;2;176;213;254m#[38;2;81;122;188mx[38;2;4;7;14m`[38;2;0;0;0m [38;2;15;29;55m;[38;2;57;106;197mt[38;2;57;107;199mt[38;2;57;107;198mt[38;2;155;198;249mk[38;2;152;179;185mw[38;2;139;157;127mC[38;2;83;122;179mx[38;2;234;227;50mM[38;2;107;133;142mv[38;2;56;104;193m/[38;2;57;107;199mt[38;2;12;22;42m,[38;2;0;0;0m   [0m
[38;2;0;0;0m   [38;2;31;52;90m<[38;2;137;192;253md[38;2;135;190;252mp[38;2;27;47;86m>[38;2;0;0;0m  [38;2;15;29;56m;[38;2;59;106;197mtt[38;2;61;107;196mt[38;2;153;196;246mk[38;2;214;210;66ma[38;2;252;240;27m8[38;2;222;217;59mo[38;2;211;207;64mh[38;2;53;96;178m|[38;2;59;106;196mt[38;2;59;106;197mt[38;2;12;22;42m,[38;2;0;0;0m   [0m
[38;2;0;0;0m   [38;2;34;56;94m+[38;2;126;186;252mq[38;2;123;183;250mw[38;2;24;45;84mi[38;2;0;0;0m  [38;2;16;29;56m;[38;2;60;106;196mt[38;2;61;106;196mt[38;2;78;122;203mn[38;2;165;190;179md[38;2;255;242;21m8[38;2;247;235;31m&[38;2;253;240;25m8[38;2;99;123;141mn[38;2;58;102;188m/[38;2;61;106;196mtt[38;2;12;22;42m,[38;2;0;0;0m   [0m
[38;2;0;0;0m   [38;2;25;45;85m>[38;2;113;177;248mZ[38;2;114;179;251mm[38;2;54;94;158m([38;2;0;0;0m  [38;2;15;29;55m;[38;2;61;105;193mt[38;2;62;105;194mt[38;2;88;131;208mv[38;2;209;209;82ma[38;2;178;181;88mm[38;2;114;133;134mc[38;2;205;204;72mk[38;2;127;166;215m0[38;2;63;105;188mt[38;2;62;105;194mtt[38;2;12;22;42m,[38;2;0;0;0m   [0m
[38;2;0;0;0m   [38;2;15;29;56m;[38;2;85;143;219mX[38;2;105;174;251mO[38;2;87;149;227mY[38;2;31;59;112m+[38;2;4;7;14m`[38;2;15;29;55m;[38;2;61;103;189m/[38;2;63;105;193mt[38;2;93;125;179mu[38;2;216;210;63ma[38;2;61;95;166m|[38;2;61;101;185m/[38;2;115;146;184mU[38;2;157;200;246mh[38;2;111;152;215mJ[38;2;62;103;189mt[38;2;63;105;193mt[38;2;12;22;42m,[38;2;0;0;0m   [0m
[38;2;0;0;0m    [38;2;39;72;131m][38;2;88;156;237mJ[38;2;93;167;250mQ[38;2;83;152;235mU[38;2;66;124;206mx[38;2;62;117;199mj[38;2;62;104;189mt[38;2;65;104;191mt[38;2;123;144;150mY[38;2;89;117;157mr[38;2;62;101;184m/[38;2;65;104;191mt[38;2;67;105;189mt[38;2;118;158;219mL[38;2;129;170;225mO[38;2;66;103;182mt[38;2;64;104;191mt[38;2;12;22;42m,[38;2;0;0;0m   [0m
[38;2;0;0;0m     [38;2;39;73;133m][38;2;75;143;227mz[38;2;84;162;249mCCC[38;2;67;121;206mx[38;2;63;102;187m/[38;2;63;101;185m/[38;2;62;100;184m/[38;2;63;102;186m/[38;2;63;102;187m//[38;2;62;100;183m/[38;2;60;96;177m\[38;2;61;99;181m\[38;2;63;101;186m/[38;2;12;22;42m,[38;2;0;0;0m   [0m
[38;2;0;0;0m      [38;2;17;33;63mI[38;2;30;57;103m+[38;2;42;80;140m}[38;2;42;80;141m}[38;2;38;73;133m][38;2;50;90;171m([38;2;50;90;172m((([38;2;50;90;171m((((([38;2;46;84;160m1[38;2;6;11;21m^[38;2;0;0;0m   [0m
[38;2;0;0;0m           [38;2;12;22;42m,[38;2;15;29;55m;;;;;;;;[38;2;0;0;0m     [0m
[38;2;6;11;21m^^[38;2;12;22;42m,,[38;2;23;44;84mi[38;2;0;0;0m  [38;2;8;15;28m"[38;2;17;33;63mI[38;2;0;0;0m                [0m
[38;2;23;44;84mi[38;2;42;80;153m}[38;2;41;77;148m}[38;2;15;29;56m;[38;2;26;48;93m>[38;2;8;15;28m"[38;2;23;43;83mi[38;2;31;58;111m+[38;2;27;51;97m<[38;2;15;29;56m;[38;2;12;22;42m,[38;2;23;44;84mi[38;2;0;0;0m [38;2;23;44;83mi[38;2;10;19;37m\[38;2;4;7;14m`[38;2;23;44;83mi[38;2;10;19;37m\[38;2;12;22;42m,[38;2;10;19;37m\[38;2;8;15;28m"[38;2;15;29;56m;[38;2;21;38;74m![38;2;23;44;84mi[38;2;15;29;56m;[0m
[38;2;35;65;125m-[38;2;46;87;167m)[38;2;19;36;70ml[38;2;26;49;94m<[38;2;31;58;111m+[38;2;43;82;157m{[38;2;23;43;84mi[38;2;39;73;139m][38;2;46;87;167m)[38;2;23;44;84mi[38;2;40;76;146m[[38;2;35;65;125m-[38;2;39;72;139m][38;2;40;76;146m[[38;2;46;87;167m)[38;2;40;76;146m[[38;2;26;49;94m<[38;2;31;58;112m+[38;2;29;54;105m~[38;2;46;87;167m)[38;2;32;60;115m_[38;2;37;71;136m][38;2;38;73;139m][38;2;40;76;146m[[38;2;46;87;167m)[0m
[38;2;42;80;153m}[38;2;27;51;97m<[38;2;31;58;111m+[38;2;35;65;125m-[38;2;31;58;111m+[38;2;38;73;139m][38;2;8;15;28m"[38;2;46;87;167m))[38;2;21;39;74m![38;2;35;65;125m-[38;2;46;87;167m))[38;2;35;65;125m-[38;2;20;39;74m![38;2;46;87;167m)[38;2;12;22;42m,[38;2;31;58;111m+[38;2;35;65;125m-[38;2;46;87;167m)[38;2;34;65;125m-[38;2;19;37;69ml[38;2;31;58;111m+[38;2;35;65;125m-[38;2;26;48;93m>[0m
[38;2;31;58;111m+[38;2;8;15;28m"[38;2;31;58;111m+[38;2;27;51;97m<[38;2;10;19;37m\[38;2;31;58;111m+++[38;2;15;29;56m;[38;2;26;48;93m>[38;2;31;58;111m+[38;2;23;44;84mi[38;2;20;39;74m![38;2;31;58;111m+[38;2;20;38;74ml[38;2;27;51;98m<[38;2;31;58;111m+[38;2;20;39;74m![38;2;31;58;111m++[38;2;23;44;84mi[38;2;8;15;28m"[38;2;15;29;56m;[38;2;31;58;111m+[38;2;20;39;74m![0m