[38;2;0;0;0m      [38;2;3;3;3m [38;2;67;67;67m-[38;2;137;137;137mv[38;2;190;190;190mw[38;2;227;227;227m#[38;2;249;249;249mB[38;2;255;255;255m@[38;2;249;249;249mB[38;2;227;227;227m#[38;2;190;190;190mw[38;2;137;137;137mv[38;2;67;67;67m-[38;2;3;3;3m [38;2;0;0;0m      [0m
[38;2;0;0;0m    [38;2;11;11;11m`[38;2;121;121;121mj[38;2;229;229;229m#[38;2;255;255;255m@[38;2;247;251;244mB[38;2;212;234;200m*[38;2;186;221;166mb[38;2;170;213;147mq[38;2;165;211;140mw[38;2;170;213;147mq[38;2;186;221;166mb[38;2;212;234;200m*[38;2;247;251;244mB[38;2;255;255;255m@[38;2;229;229;229m#[38;2;121;121;121mj[38;2;11;11;11m`[38;2;0;0;0m    [0m
[38;2;0;0;0m   [38;2;68;68;68m-[38;2;226;226;226m#[38;2;255;255;255m@[38;2;219;237;208m#[38;2;151;204;123mO[38;2;108;183;67mz[38;2;105;181;63mzzzzzzz[38;2;108;183;67mz[38;2;151;204;122mO[38;2;218;237;208m#[38;2;255;255;255m@[38;2;226;226;226m#[38;2;68;68;68m-[38;2;0;0;0m   [0m
[38;2;0;0;0m  [38;2;105;105;105m\[38;2;252;252;252m$[38;2;243;249;240m%[38;2;154;205;126mO[38;2;105;181;63mzzzzzzzzzzzzz[38;2;154;205;125mO[38;2;243;249;240m%[38;2;252;252;252m$[38;2;105;105;105m\[38;2;0;0;0m  [0m
[38;2;0;0;0m [38;2;87;87;87m{[38;2;254;254;254m$[38;2;237;246;231m8[38;2;125;191;89mJ[38;2;133;194;99mC[38;2;188;220;170mb[38;2;156;205;129mZ[38;2;105;181;63mzzzzzzzzzzzz[38;2;125;191;89mJ[38;2;237;246;231m8[38;2;254;254;254m$[38;2;87;87;87m{[38;2;0;0;0m [0m
[38;2;22;22;22m\[38;2;240;240;240m&[38;2;251;253;249m$[38;2;131;194;97mC[38;2;105;181;63mz[38;2;153;204;125mO[38;2;248;248;248mB[38;2;193;222;177mk[38;2;105;181;63mzz[38;2;144;199;114mQ[38;2;210;230;198mo[38;2;228;239;223mW[38;2;209;230;197mo[38;2;171;212;148mq[38;2;213;232;203m*[38;2;228;239;223mW[38;2;206;228;193ma[38;2;137;196;105mL[38;2;105;181;63mzz[38;2;131;194;97mC[38;2;251;253;249m$[38;2;240;240;240m&[38;2;22;22;22m\[0m
[38;2;132;132;132mn[38;2;255;255;255m@[38;2;187;221;168mb[38;2;105;181;63mzz[38;2;153;204;125mO[38;2;248;248;248mB[38;2;193;222;177mk[38;2;105;181;63mz[38;2;136;195;103mL[38;2;246;247;246m%[38;2;235;242;231m&[38;2;186;219;168mb[38;2;235;242;231m&[38;2;248;248;248mB[38;2;229;239;224mW[38;2;187;219;169mb[38;2;239;244;237m8[38;2;244;246;242m%[38;2;125;190;89mJ[38;2;105;181;63mzz[38;2;187;221;168mb[38;2;255;255;255m@[38;2;132;132;132mn[0m
[38;2;212;212;212mh[38;2;255;255;255m@[38;2;130;193;95mC[38;2;105;181;63mzz[38;2;153;204;125mO[38;2;248;248;248mB[38;2;193;222;177mk[38;2;105;181;63mz[38;2;166;210;142mw[38;2;248;248;248mB[38;2;181;216;161mp[38;2;105;181;63mz[38;2;181;216;161mp[38;2;248;248;248mB[38;2;167;210;143mw[38;2;105;181;63mz[38;2;194;223;178mk[38;2;248;248;248mB[38;2;153;203;125mO[38;2;105;181;63mzz[38;2;130;193;95mC[38;2;255;255;255m@[38;2;212;212;212mh[0m
[38;2;251;251;251mB[38;2;252;253;251m$[38;2;106;181;64mz[38;2;105;181;63mzz[38;2;153;204;125mO[38;2;248;248;248mB[38;2;193;222;177mk[38;2;105;181;63mz[38;2;166;210;143mw[38;2;248;248;248mB[38;2;180;216;160mp[38;2;105;181;63mz[38;2;180;216;160mp[38;2;248;248;248mB[38;2;166;210;143mw[38;2;105;181;63mz[38;2;193;222;177mk[38;2;248;248;248mB[38;2;153;204;125mO[38;2;105;181;63mzz[38;2;106;181;64mz[38;2;252;253;251m$[38;2;251;251;251mB[0m
[38;2;251;251;251mB[38;2;252;253;251m$[38;2;106;181;64mz[38;2;105;181;63mzz[38;2;153;204;125mO[38;2;248;248;248mB[38;2;193;222;177mk[38;2;105;181;63mz[38;2;166;210;143mw[38;2;248;248;248mB[38;2;180;216;160mp[38;2;105;181;63mz[38;2;180;216;160mp[38;2;248;248;248mB[38;2;166;210;143mw[38;2;105;181;63mz[38;2;193;222;177mk[38;2;248;248;248mB[38;2;153;204;125mO[38;2;105;181;63mzz[38;2;106;181;64mz[38;2;252;253;251m$[38;2;250;250;250mB[0m
[38;2;212;212;212mh[38;2;255;255;255m@[38;2;130;194;96mC[38;2;105;181;63mzz[38;2;153;203;125mO[38;2;248;248;248mB[38;2;194;223;178mk[38;2;105;181;63mz[38;2;151;203;123mO[38;2;212;231;202m*[38;2;161;207;136mm[38;2;105;181;63mz[38;2;161;207;136mm[38;2;212;231;202m*[38;2;151;203;123mO[38;2;105;181;63mz[38;2;194;223;178mk[38;2;248;248;248mB[38;2;153;203;125mO[38;2;105;181;63mzz[38;2;130;194;96mC[38;2;255;255;255m@[38;2;211;211;211mh[0m
[38;2;131;131;131mn[38;2;255;255;255m@[38;2;187;222;169mb[38;2;105;181;63mzz[38;2;130;193;95mC[38;2;247;248;247m%[38;2;230;239;224mW[38;2;121;188;83mU[38;2;105;181;63mzzzzzzz[38;2;121;188;84mU[38;2;230;239;224mW[38;2;247;248;247m%[38;2;130;193;95mC[38;2;105;181;63mzz[38;2;188;222;169mb[38;2;255;255;255m@[38;2;131;131;131mn[0m
[38;2;22;22;22m\[38;2;239;239;239m&[38;2;251;253;249m$[38;2;132;194;98mC[38;2;105;181;63mzz[38;2;170;212;148mw[38;2;246;247;245m%[38;2;245;247;244m%[38;2;226;238;220mM[38;2;225;237;218mMMMMM[38;2;226;238;220mM[38;2;245;247;244m%[38;2;246;247;245m%[38;2;170;212;148mw[38;2;105;181;63mzz[38;2;132;194;98mC[38;2;251;253;249m$[38;2;239;239;239m&[38;2;22;22;22m\[0m
[38;2;0;0;0m [38;2;85;85;85m{[38;2;254;254;254m$[38;2;238;246;233m8[38;2;126;192;90mJ[38;2;105;181;63mzz[38;2;124;190;88mU[38;2;169;211;145mw[38;2;184;218;166md[38;2;185;219;167mddddd[38;2;184;218;166md[38;2;169;211;145mw[38;2;124;190;88mU[38;2;105;181;63mzz[38;2;126;192;90mJ[38;2;238;246;233m8[38;2;254;254;254m$[38;2;85;85;85m{[38;2;0;0;0m [0m
[38;2;0;0;0m  [38;2;103;103;103m|[38;2;252;252;252m$[38;2;244;250;241m%[38;2;155;205;126mO[38;2;105;181;63mzzzzzzzzzzzzz[38;2;155;205;126mO[38;2;244;250;241m%[38;2;252;252;252m$[38;2;103;103;103m|[38;2;0;0;0m  [0m
[38;2;0;0;0m   [38;2;67;67;67m-[38;2;224;224;224m*[38;2;255;255;255m@[38;2;219;237;209m#[38;2;153;205;125mO[38;2;109;183;68mz[38;2;105;181;63mzzzzzzz[38;2;109;183;68mz[38;2;153;205;124mO[38;2;219;237;209m#[38;2;255;255;255m@[38;2;224;224;224m*[38;2;67;67;67m-[38;2;0;0;0m   [0m
[38;2;0;0;0m    [38;2;10;10;10m`[38;2;117;117;117mf[38;2;226;226;226m#[38;2;255;255;255m@[38;2;248;252;246mB[38;2;214;235;203m*[38;2;188;222;169mb[38;2;173;214;150mq[38;2;168;212;143mw[38;2;173;214;150mq[38;2;188;222;169mb[38;2;214;235;203m*[38;2;248;251;246mB[38;2;255;255;255m@[38;2;226;226;226m#[38;2;117;117;117mf[38;2;10;10;10m`[38;2;0;0;0m    [0m
[38;2;0;0;0m      [38;2;2;2;2m [38;2;64;64;64m_[38;2;135;135;135mu[38;2;189;189;189mw[38;2;227;227;227m#[38;2;249;249;249mB[38;2;255;255;255m@[38;2;249;249;249mB[38;2;227;227;227m#[38;2;189;189;189mw[38;2;135;135;135mu[38;2;64;64;64m_[38;2;2;2;2m [38;2;0;0;0m      [0m