[38;2;0;0;0m   [38;2;22;80;38m\[38;2;44;159;77mhhhhhhhhhhh[38;2;11;40;19m<[38;2;44;159;77mhhhhh[38;2;11;40;19m<[38;2;0;0;0m   [0m
[38;2;0;0;0m   [38;2;27;96;46mx[38;2;53;191;92m@@@@@@@@@@@[38;2;13;48;23m_[38;2;53;191;92m@@@@@[38;2;13;48;23m_[38;2;0;0;0m   [0m
[38;2;0;0;0m   [38;2;27;96;46mx[38;2;53;191;92m@@@@@@@@@@@[38;2;13;48;23m_[38;2;53;191;92m@@@@@[38;2;13;48;23m_[38;2;0;0;0m   [0m
[38;2;0;0;0m   [38;2;27;96;46mx[38;2;53;191;92m@@@@[38;2;50;181;87m8[38;2;42;153;74mbbbbbb[38;2;11;38;18m>[38;2;53;191;92m@@@@@[38;2;13;48;23m_[38;2;0;0;0m   [0m
[38;2;0;0;0m   [38;2;27;96;46mx[38;2;53;191;92m@@@@[38;2;40;143;69mw[38;2;11;38;18m>[38;2;32;115;55mYYYYY[38;2;8;29;14ml[38;2;53;191;92m@@@@@[38;2;13;48;23m_[38;2;0;0;0m   [0m
[38;2;0;0;0m   [38;2;27;96;46mx[38;2;53;191;92m@@@@[38;2;40;143;69mw[38;2;18;64;31m{[38;2;53;191;92m@@@@@[38;2;13;48;23m_[38;2;53;191;92m@@@@@[38;2;13;48;23m_[38;2;0;0;0m   [0m
[38;2;0;0;0m   [38;2;27;96;46mx[38;2;53;191;92m@@@@[38;2;40;143;69mw[38;2;18;64;31m{[38;2;53;191;92m@@@@@[38;2;13;48;23m_[38;2;53;191;92m@@@@@[38;2;13;48;23m_[38;2;0;0;0m   [0m
[38;2;0;0;0m   [38;2;27;96;46mx[38;2;53;191;92m@@@@[38;2;40;143;69mw[38;2;18;64;31m{[38;2;53;191;92m@@@@@[38;2;13;48;23m_[38;2;53;191;92m@@@@@[38;2;13;48;23m_[38;2;0;0;0m   [0m
[38;2;0;0;0m   [38;2;27;96;46mx[38;2;53;191;92m@@@@[38;2;40;143;69mw[38;2;18;64;31m{[38;2;53;191;92m@@@@@[38;2;13;48;23m_[38;2;53;191;92m@@@@@[38;2;13;48;23m_[38;2;0;0;0m   [0m
[38;2;0;0;0m   [38;2;27;96;46mx[38;2;53;191;92m@@@@[38;2;40;143;69mw[38;2;18;64;31m{[38;2;53;191;92m@@@@@[38;2;13;48;23m_[38;2;53;191;92m@@@@@[38;2;13;48;23m_[38;2;0;0;0m   [0m
[38;2;0;0;0m   [38;2;27;96;46mx[38;2;53;191;92m@@@@[38;2;40;143;69mw[38;2;18;64;31m{[38;2;53;191;92m@@@@@[38;2;13;48;23m_[38;2;53;191;92m@@@@@[38;2;13;48;23m_[38;2;0;0;0m   [0m
[38;2;0;0;0m   [38;2;27;96;46mx[38;2;53;191;92m@@@@[38;2;40;143;69mw[38;2;18;64;31m{[38;2;53;191;92m@@@@@[38;2;13;48;23m_[38;2;53;191;92m@@@@@[38;2;13;48;23m_[38;2;0;0;0m   [0m
[38;2;0;0;0m   [38;2;13;48;23m_[38;2;27;96;46mxxxx[38;2;20;72;35m([38;2;9;32;15m![38;2;27;96;46mxxxxx[38;2;7;24;12m;[38;2;27;96;46mxxxxx[38;2;7;24;12m;[38;2;0;0;0m   [0m
[38;2;0;0;0m                         [0m
[38;2;0;0;0m                         [0m
[38;2;0;0;0m                         [0m
[38;2;0;0;0m                         [0m
[38;2;0;0;0m                         [0m