[38;2;0;0;0m   [38;2;38;38;38ml[38;2;100;100;100m|[38;2;96;96;96m)))))))))))))))[38;2;101;101;101m|[38;2;13;13;13m^[38;2;0;0;0m   [0m
[38;2;0;0;0m   [38;2;124;124;124mr[38;2;30;30;30m;[38;2;0;0;0m               [38;2;83;83;83m}[38;2;64;64;64m_[38;2;0;0;0m   [0m
[38;2;0;0;0m   [38;2;122;122;122mr[38;2;0;0;0m     [38;2;28;28;28m:[38;2;103;103;103m|[38;2;127;127;127mx[38;2;100;100;100m|[38;2;105;105;105m\[38;2;103;103;103m|[38;2;38;38;38ml[38;2;0;0;0m    [38;2;58;58;58m~[38;2;64;64;64m_[38;2;0;0;0m   [0m
[38;2;0;0;0m   [38;2;122;122;122mr[38;2;0;0;0m   [38;2;24;24;24m,[38;2;166;166;166mC[38;2;162;162;162mJ[38;2;53;53;53m<[38;2;0;0;0m   [38;2;7;7;7m.[38;2;77;77;77m][38;2;125;125;125mr[38;2;19;19;19m\[38;2;0;0;0m  [38;2;58;58;58m~[38;2;64;64;64m_[38;2;0;0;0m   [0m
[38;2;0;0;0m   [38;2;122;122;122mr[38;2;0;0;0m  [38;2;24;24;24m,[38;2;226;226;226m#[38;2;117;117;117mf[38;2;0;0;0m       [38;2;78;78;78m[[38;2;221;221;221mo[38;2;21;21;21m\[38;2;0;0;0m [38;2;58;58;58m~[38;2;64;64;64m_[38;2;0;0;0m   [0m
[38;2;0;0;0m   [38;2;122;122;122mr[38;2;0;0;0m  [38;2;158;158;158mU[38;2;196;196;196mp[38;2;3;3;3m [38;2;0;0;0m [38;2;88;88;88m{[38;2;111;111;111mt[38;2;0;0;0m   [38;2;57;57;57m~[38;2;234;234;234mW[38;2;139;139;139mv[38;2;143;143;143mc[38;2;0;0;0m [38;2;58;58;58m~[38;2;64;64;64m_[38;2;0;0;0m   [0m
[38;2;0;0;0m   [38;2;122;122;122mr[38;2;0;0;0m [38;2;1;1;1m [38;2;245;245;245m%[38;2;89;89;89m1[38;2;0;0;0m [38;2;5;5;5m.[38;2;82;82;82m}[38;2;127;127;127mx[38;2;152;152;152mY[38;2;8;8;8m`[38;2;86;86;86m{[38;2;237;237;237m&[38;2;87;87;87m{[38;2;0;0;0m [38;2;179;179;179mO[38;2;1;1;1m [38;2;58;58;58m~[38;2;64;64;64m_[38;2;0;0;0m   [0m
[38;2;0;0;0m   [38;2;122;122;122mr[38;2;0;0;0m [38;2;13;13;13m^[38;2;254;254;254m$[38;2;100;100;100m|[38;2;25;25;25m,[38;2;195;195;195mq[38;2;255;255;255m@[38;2;145;145;145mz[38;2;87;87;87m{[38;2;213;213;213mh[38;2;244;244;244m%[38;2;77;77;77m][38;2;0;0;0m  [38;2;199;199;199mp[38;2;12;12;12m^[38;2;58;58;58m~[38;2;64;64;64m_[38;2;0;0;0m   [0m
[38;2;0;0;0m   [38;2;122;122;122mr[38;2;0;0;0m  [38;2;232;232;232mM[38;2;207;207;207mk[38;2;210;210;210mk[38;2;255;255;255m@@@[38;2;213;213;213mh[38;2;238;238;238m&[38;2;212;212;212mh[38;2;59;59;59m~[38;2;195;195;195mq[38;2;62;62;62m+[38;2;221;221;221mo[38;2;0;0;0m [38;2;58;58;58m~[38;2;64;64;64m_[38;2;0;0;0m   [0m
[38;2;0;0;0m   [38;2;122;122;122mr[38;2;0;0;0m  [38;2;143;143;143mc[38;2;255;255;255m@@@@@@[38;2;190;190;190mw[38;2;104;104;104m\[38;2;253;253;253m$[38;2;255;255;255m@[38;2;253;253;253m$[38;2;139;139;139mv[38;2;0;0;0m [38;2;58;58;58m~[38;2;64;64;64m_[38;2;0;0;0m   [0m
[38;2;0;0;0m   [38;2;122;122;122mr[38;2;0;0;0m [38;2;24;24;24m,[38;2;186;186;186mm[38;2;206;206;206mbbb[38;2;205;205;205mb[38;2;204;204;204mb[38;2;203;203;203mdd[38;2;202;202;202md[38;2;203;203;203mddd[38;2;184;184;184mZ[38;2;31;31;31m;[38;2;58;58;58m~[38;2;64;64;64m_[38;2;0;0;0m   [0m
[38;2;0;0;0m   [38;2;124;124;124mr[38;2;10;10;10m`[38;2;0;0;0m               [38;2;67;67;67m-[38;2;64;64;64m_[38;2;0;0;0m   [0m
[38;2;0;0;0m   [38;2;64;64;64m_[38;2;134;134;134mu[38;2;111;111;111mttttttttttttttt[38;2;139;139;139mv[38;2;26;26;26m:[38;2;0;0;0m   [0m
[38;2;0;0;0m                         [0m
[38;2;0;0;0m                         [0m
[38;2;0;0;0m                         [0m
[38;2;0;0;0m                         [0m
[38;2;0;0;0m                         [0m