[38;2;174;171;157m********[38;2;179;176;163mM[38;2;179;177;165mM[38;2;185;183;171m&[38;2;185;184;172m8[38;2;180;178;167mW[38;2;188;186;174m%[38;2;184;182;170m&[38;2;180;178;166mW[38;2;179;177;162mM[38;2;174;171;157m********[0m
[38;2;174;171;157m******[38;2;178;175;162mM[38;2;184;182;172m&[38;2;182;180;168mW[38;2;179;177;164mM[38;2;174;171;157m****[38;2;179;177;162mM[38;2;184;181;168m&[38;2;181;179;168mW[38;2;182;180;169mW[38;2;180;178;164mW[38;2;174;171;157m******[0m
[38;2;174;171;157m*****[38;2;178;174;161m#[38;2;181;179;169mW[38;2;180;177;163mM[38;2;174;171;157m****[38;2;178;175;161mM[38;2;176;173;159m#[38;2;180;177;163mM[38;2;176;173;160m#[38;2;174;171;157m*[38;2;180;178;165mW[38;2;181;180;170mW[38;2;180;177;163mM[38;2;174;171;157m*****[0m
[38;2;174;171;157m****[38;2;178;176;162mM[38;2;182;180;170mW[38;2;176;173;159m#[38;2;174;171;157m*****[38;2;183;180;166mW[38;2;183;182;171m&[38;2;183;180;168mW[38;2;176;173;160m#[38;2;174;171;157m**[38;2;179;177;163mM[38;2;179;176;167mM[38;2;176;173;160m#[38;2;174;171;157m****[0m
[38;2;174;171;157m***[38;2;176;173;159m#[38;2;178;175;165mM[38;2;182;180;166mW[38;2;174;171;157m*****[38;2;174;172;160m#[38;2;177;175;164mM[38;2;176;174;160m#[38;2;174;171;157m*****[38;2;180;178;165mW[38;2;179;177;166mM[38;2;174;171;157m****[0m
[38;2;174;171;157m***[38;2;175;172;159m#[38;2;180;179;168mW[38;2;174;171;157m*****[38;2;174;172;161m#[38;2;181;178;166mW[38;2;174;171;157m********[38;2;183;181;170m&[38;2;174;171;157m****[0m
[38;2;174;171;157m***[38;2;179;177;163mM[38;2;176;174;163m#[38;2;174;171;157m****[38;2;179;176;162mM[38;2;173;172;162m#[38;2;178;175;161mM[38;2;174;171;157m********[38;2;172;171;161m*[38;2;174;171;157m****[0m
[38;2;174;171;157m***[38;2;173;171;158m*[38;2;179;178;166mW[38;2;174;171;157m****[38;2;177;176;165mM[38;2;170;169;159mo[38;2;177;174;160m#[38;2;174;171;157m********[38;2;180;178;166mW[38;2;174;171;157m****[0m
[38;2;174;171;157m***[38;2;179;176;162mM[38;2;167;165;157ma[38;2;176;173;159m#[38;2;174;171;157m***[38;2;173;171;158m*[38;2;170;169;159mo[38;2;167;166;157ma[38;2;178;176;161mM[38;2;174;171;157m******[38;2;183;181;166m&[38;2;173;171;161m*[38;2;174;171;157m****[0m
[38;2;174;171;157m****[38;2;175;173;160m#[38;2;172;170;159m*[38;2;177;174;160m#[38;2;174;171;157m***[38;2;174;172;159m*[38;2;175;172;161m#[38;2;174;171;157m******[38;2;176;173;159m#[38;2;167;165;155ma[38;2;178;175;162mM[38;2;174;171;157m****[0m
[38;2;174;171;157m*****[38;2;177;175;162mM[38;2;167;165;154ma[38;2;177;174;160m#[38;2;174;171;157m**[38;2;179;176;162mM[38;2;174;171;157m******[38;2;176;173;160m#[38;2;171;170;159m*[38;2;177;174;160m#[38;2;174;171;157m*****[0m
[38;2;174;171;157m******[38;2;172;170;158m*[38;2;167;163;153ma[38;2;172;169;157m*[38;2;179;176;162mM[38;2;174;171;157m*****[38;2;175;173;159m#[38;2;170;167;155mo[38;2;171;168;157mo[38;2;176;173;160m#[38;2;174;171;157m******[0m
[38;2;174;171;157m*******[38;2;177;174;159m#[38;2;173;171;158m*[38;2;165;162;152mh[38;2;171;170;158m*[38;2;167;163;152ma[38;2;169;165;155ma[38;2;165;162;151mh[38;2;174;172;161m#[38;2;170;166;156mo[38;2;175;173;161m#[38;2;174;171;157m********[0m
[38;2;174;171;157m***********[38;2;183;181;166m&[38;2;182;178;164mW[38;2;182;179;164mW[38;2;174;171;157m***********[0m
[38;2;177;174;160m#[38;2;186;184;168m8[38;2;179;176;161mM[38;2;174;171;157m*[38;2;182;180;165mW[38;2;186;184;168m8[38;2;177;175;160m#[38;2;182;180;165mW[38;2;186;184;168m8[38;2;187;185;169m8[38;2;180;178;163mW[38;2;186;184;168m88[38;2;187;185;169m8[38;2;178;175;160mM[38;2;174;171;157m*[38;2;177;174;160m#[38;2;174;171;157m*[38;2;181;178;163mW[38;2;186;184;168m8[38;2;174;171;157m**[38;2;186;184;169m8[38;2;186;184;168m8[38;2;174;171;157m*[0m
[38;2;196;195;180m@[38;2;175;173;160m#[38;2;173;170;159m*[38;2;183;181;167m&[38;2;180;177;165mM[38;2;176;173;161m#[38;2;178;176;164mM[38;2;181;180;169mW[38;2;175;173;160m#[38;2;179;177;164mM[38;2;181;179;167mW[38;2;174;171;160m*[38;2;189;186;173m%[38;2;183;180;167mW[38;2;174;170;158m*[38;2;174;171;157m*[38;2;185;182;169m&[38;2;177;174;161m#[38;2;178;176;163mM[38;2;175;173;160m#[38;2;184;182;169m&[38;2;185;183;169m&[38;2;175;173;160m##[38;2;192;190;177mB[0m
[38;2;183;181;166m&[38;2;174;171;157m*[38;2;168;165;153ma[38;2;184;181;168m&[38;2;171;167;155mo[38;2;171;167;154mo[38;2;173;170;158m*[38;2;175;172;160m#[38;2;179;176;163mM[38;2;177;174;162m#[38;2;179;176;162mM[38;2;169;165;153ma[38;2;184;182;168m&[38;2;179;176;162mM[38;2;169;166;154ma[38;2;174;171;157m*[38;2;177;174;162m#[38;2;175;173;160m#[38;2;173;170;157m*[38;2;174;171;157m*[38;2;186;185;170m8[38;2;182;179;165mW[38;2;171;167;154moo[38;2;182;179;166mW[0m
[38;2;181;179;164mW[38;2;174;171;157m**[38;2;180;176;162mM[38;2;180;177;164mM[38;2;178;175;161mM[38;2;178;176;163mM[38;2;180;177;163mM[38;2;174;171;157m***[38;2;176;173;159m#[38;2;185;183;168m&[38;2;174;171;157m*[38;2;178;174;161m#[38;2;178;175;162mM[38;2;177;174;161m#[38;2;176;174;160m#[38;2;175;172;158m#[38;2;174;171;157m*[38;2;181;178;164mW[38;2;175;172;158m#[38;2;178;175;162mM[38;2;178;175;161mM[38;2;174;171;157m*[0m