[38;2;0;0;0m        [38;2;4;0;1m.[38;2;45;2;17m<[38;2;92;3;35m/[38;2;104;3;39mr[38;2;86;3;32m|[38;2;87;3;33m\[38;2;67;2;25m[[38;2;54;2;21m_[38;2;14;0;5m"[38;2;0;0;0m        [0m
[38;2;0;0;0m     [38;2;8;0;3m`[38;2;66;2;25m[[38;2;143;4;53mL[38;2;204;6;77m8[38;2;215;7;81m@@@@@@@[38;2;214;7;81m$[38;2;175;6;66mk[38;2;170;5;64md[38;2;110;3;41mx[38;2;42;1;15m>[38;2;0;0;0m    [0m
[38;2;0;0;0m    [38;2;79;2;29m1[38;2;188;6;71m*[38;2;215;7;81m@@[38;2;201;7;76m&[38;2;166;5;63mp[38;2;83;3;31m([38;2;46;1;17m<[38;2;29;1;11mI[38;2;13;0;5m^[38;2;21;1;8m,[38;2;41;1;15mi[38;2;75;2;28m{[38;2;135;4;50mJ[38;2;205;7;77m8[38;2;215;7;81m@@[38;2;154;5;58mZ[38;2;31;1;11mI[38;2;0;0;0m  [0m
[38;2;0;0;0m  [38;2;1;0;1m [38;2;133;4;50mU[38;2;215;7;81m@[38;2;214;7;81m$[38;2;162;5;60mw[38;2;85;3;31m|[38;2;1;0;0m [38;2;0;0;0m         [38;2;18;0;7m\[38;2;135;4;50mJ[38;2;215;7;81m@@[38;2;204;7;77m8[38;2;57;2;21m-[38;2;0;0;0m [0m
[38;2;0;0;0m [38;2;36;1;13m![38;2;130;4;49mY[38;2;215;7;81m@[38;2;157;5;58mm[38;2;38;1;15mi[38;2;0;0;0m              [38;2;91;3;34m/[38;2;215;7;81m@[38;2;196;6;74mM[38;2;146;5;55mQ[38;2;4;0;1m.[0m
[38;2;27;1;10m;[38;2;122;4;46mz[38;2;215;7;81m@[38;2;141;4;52mC[38;2;0;0;0m       [38;2;69;2;26m}[38;2;123;4;45mz[38;2;103;3;38mj[38;2;88;3;33m\[38;2;74;2;28m{[38;2;52;2;19m+[38;2;13;0;5m^[38;2;0;0;0m   [38;2;158;5;60mm[38;2;215;7;81m@[38;2;96;3;36mt[38;2;28;1;10m;[0m
[38;2;29;1;11mI[38;2;213;7;80m$[38;2;184;6;69mo[38;2;14;0;5m"[38;2;0;0;0m      [38;2;117;4;43mv[38;2;77;2;29m1[38;2;0;0;0m     [38;2;1;0;0m [38;2;0;0;0m   [38;2;91;3;34m/[38;2;215;7;81m@[38;2;116;4;44mv[38;2;4;0;1m.[0m
[38;2;43;1;16m>[38;2;215;7;81m@[38;2;114;4;43mu[38;2;0;0;0m      [38;2;62;2;23m?[38;2;128;4;48mX[38;2;0;0;0m       [38;2;31;1;12mI[38;2;0;0;0m  [38;2;100;3;37mf[38;2;215;7;81m@[38;2;113;3;42mn[38;2;0;0;0m [0m
[38;2;43;1;16m>[38;2;215;7;81m@[38;2;77;3;29m1[38;2;0;0;0m      [38;2;80;3;30m)[38;2;148;5;55m0[38;2;0;0;0m      [38;2;56;1;22m_[38;2;4;0;1m.[38;2;0;0;0m [38;2;3;0;1m [38;2;140;5;53mL[38;2;182;6;68ma[38;2;46;1;18m<[38;2;0;0;0m [0m
[38;2;42;1;16m>[38;2;215;7;81m@[38;2;85;3;32m|[38;2;0;0;0m      [38;2;28;1;10m;[38;2;189;6;71m*[38;2;76;2;29m1[38;2;0;0;0m  [38;2;11;0;4m^[38;2;41;1;15mi[38;2;1;0;0m [38;2;5;0;2m.[38;2;0;0;0m [38;2;12;0;4m^[38;2;133;4;50mU[38;2;164;5;61mq[38;2;41;1;16m>[38;2;17;1;7m\[38;2;0;0;0m [0m
[38;2;9;0;3m`[38;2;209;7;79mB[38;2;163;5;62mq[38;2;0;0;0m      [38;2;37;1;14m![38;2;78;2;29m1[38;2;163;5;60mq[38;2;142;5;54mL[38;2;72;2;27m}[38;2;24;1;9m:[38;2;11;0;4m^[38;2;26;1;10m;[38;2;61;2;23m?[38;2;138;4;52mC[38;2;170;5;63md[38;2;90;3;33m\[38;2;10;0;4m^[38;2;0;0;0m   [0m
[38;2;0;0;0m [38;2;132;4;50mU[38;2;211;7;80mB[38;2;90;3;34m\[38;2;11;0;4m^[38;2;0;0;0m      [38;2;20;1;8m,[38;2;80;3;30m)[38;2;124;4;47mz[38;2;138;4;52mC[38;2;152;5;57mO[38;2;119;4;45mc[38;2;82;3;31m([38;2;38;1;14mi[38;2;0;0;0m      [0m
[38;2;0;0;0m [38;2;18;1;7m,[38;2;194;6;73mM[38;2;215;7;81m@[38;2;119;4;45mc[38;2;0;0;0m                    [0m
[38;2;0;0;0m  [38;2;40;1;15mi[38;2;196;6;74mM[38;2;207;7;78m%[38;2;40;1;15mi[38;2;0;0;0m                   [0m
[38;2;0;0;0m   [38;2;26;1;10m;[38;2;167;5;63mp[38;2;199;6;75mW[38;2;65;2;24m][38;2;0;0;0m                  [0m
[38;2;0;0;0m    [38;2;4;0;1m.[38;2;95;3;36mt[38;2;195;6;73mM[38;2;135;4;51mJ[38;2;36;1;13m![38;2;0;0;0m                [0m
[38;2;0;0;0m      [38;2;9;0;3m`[38;2;89;3;33m\[38;2;159;5;60mm[38;2;130;4;48mY[38;2;80;2;30m)[38;2;1;0;1m [38;2;0;0;0m             [0m
[38;2;0;0;0m         [38;2;18;0;7m\[38;2;67;2;25m[[38;2;76;2;29m1[38;2;53;2;20m_[38;2;30;1;11mI[38;2;4;0;1m.[38;2;0;0;0m          [0m