[38;2;164;176;181m000000000[38;2;168;179;184mO[38;2;171;181;186mO[38;2;157;165;168mC[38;2;167;176;180m0[38;2;167;179;184mO[38;2;171;180;184mO[38;2;164;176;181m0000000000[0m
[38;2;164;176;181m00000000[38;2;156;162;161mJ[38;2;120;122;122mr[38;2;143;135;92mu[38;2;162;149;87mz[38;2;137;131;109mn[38;2;140;137;110mu[38;2;153;156;153mU[38;2;162;172;176mQ[38;2;164;176;181m000000000[0m
[38;2;164;176;181m00000[38;2;162;173;178mQ[38;2;166;177;181m0[38;2;140;142;140mc[38;2;167;148;45mc[38;2;159;138;51mu[38;2;216;193;100mw[38;2;185;167;102mL[38;2;218;200;141md[38;2;196;177;111m0[38;2;139;128;91mx[38;2;143;143;133mc[38;2;155;162;164mJ[38;2;164;175;179mQ[38;2;164;176;181m0000000[0m
[38;2;164;176;181m00000[38;2;169;180;184mO[38;2;144;139;107mv[38;2;160;140;35mu[38;2;214;190;84mm[38;2;179;164;108mC[38;2;219;203;155mb[38;2;218;208;182mk[38;2;221;213;189ma[38;2;221;213;190ma[38;2;199;189;154mw[38;2;188;175;132m0[38;2;124;120;102mj[38;2;167;177;180m0[38;2;159;170;175mL[38;2;164;176;181m000000[0m
[38;2;164;176;181m00000[38;2;166;177;181m0[38;2;148;135;63mn[38;2;172;160;101mU[38;2;199;181;119mO[38;2;227;216;179ma[38;2;233;229;212mM[38;2;237;236;230m&[38;2;228;228;224mM[38;2;223;224;218m*[38;2;196;193;182mq[38;2;214;207;184mk[38;2;191;177;130m0[38;2;131;131;121mn[38;2;168;179;183mO[38;2;164;176;181m000000[0m
[38;2;164;176;181m00000[38;2;150;155;155mY[38;2;136;127;84mx[38;2;208;210;207mh[38;2;172;166;144mL[38;2;234;229;210mM[38;2;243;244;238m%[38;2;242;244;241m%[38;2;251;254;251m@[38;2;242;244;241m%[38;2;223;225;223m#[38;2;214;213;203mh[38;2;214;202;171mb[38;2;105;99;81m([38;2;161;168;170mL[38;2;159;165;162mC[38;2;160;168;167mL[38;2;164;176;181m0000[0m
[38;2;164;176;181m00000[38;2;145;138;100mv[38;2;179;166;106mC[38;2;167;157;122mU[38;2;249;244;227m%[38;2;227;217;181ma[38;2;216;217;214mo[38;2;244;246;243m%[38;2;238;240;237m8[38;2;243;245;242m%[38;2;244;246;243m%[38;2;225;225;217m#[38;2;202;193;166mq[38;2;160;150;117mX[38;2;183;179;161mO[38;2;195;178;112m0[38;2;143;147;133mz[38;2;168;179;184mO[38;2;164;176;181m000[0m
[38;2;164;176;181m0000[38;2;163;167;164mL[38;2;152;140;102mc[38;2;179;178;171mO[38;2;148;138;105mv[38;2;250;248;238mB[38;2;240;230;200mM[38;2;204;204;198mb[38;2;236;237;232m&[38;2;212;209;196mk[38;2;206;206;201mk[38;2;229;229;227mM[38;2;203;200;191md[38;2;191;181;151mZ[38;2;219;205;163mb[38;2;231;220;182mo[38;2;150;151;140mX[38;2;164;176;181m00000[0m
[38;2;164;176;181m000[38;2;166;174;177mQ[38;2;139;138;125mv[38;2;132;126;89mr[38;2;180;178;165mO[38;2;207;182;74mO[38;2;232;214;153mh[38;2;238;224;182m*[38;2;228;226;216m#[38;2;231;232;228mW[38;2;206;205;197mb[38;2;192;186;163mm[38;2;191;186;163mm[38;2;211;206;186mk[38;2;173;162;125mJ[38;2;145;140;118mv[38;2;176;163;114mC[38;2;164;176;181m000000[0m
[38;2;164;176;181m00000[38;2;166;175;178m0[38;2;149;137;70mu[38;2;178;155;36mX[38;2;204;180;81mO[38;2;210;193;133mq[38;2;221;207;169mk[38;2;233;226;201m#[38;2;220;214;196ma[38;2;209;202;180mb[38;2;202;193;167mq[38;2;198;184;143mm[38;2;151;142;104mc[38;2;163;170;171mL[38;2;151;157;156mU[38;2;164;176;181m000000[0m
[38;2;164;176;181m000000[38;2;152;155;147mY[38;2;143;133;71mn[38;2;181;160;59mU[38;2;161;143;60mv[38;2;195;175;96mQ[38;2;198;181;122mO[38;2;171;156;108mU[38;2;187;173;126mQ[38;2;194;175;107m0[38;2;138;133;114mu[38;2;167;173;174mQ[38;2;168;178;182m0[38;2;164;176;181m0000000[0m
[38;2;164;176;181m0000000[38;2;148;154;155mY[38;2;140;139;116mv[38;2;137;126;66mr[38;2;147;131;55mx[38;2;133;123;75mj[38;2;143;128;64mx[38;2;138;134;111mu[38;2;144;146;132mz[38;2;159;168;172mL[38;2;164;176;181m000000000[0m
[38;2;164;176;181m00[38;2;169;180;185mO[38;2;176;186;189mm[38;2;164;176;181m0000[38;2;164;174;178mQ[38;2;153;161;163mJ[38;2;154;158;150mU[38;2;166;174;177mQ[38;2;142;149;147mX[38;2;176;186;189mm[38;2;180;189;192mm[38;2;172;182;186mO[38;2;164;176;181m0[38;2;169;180;185mO[38;2;171;181;184mO[38;2;174;184;187mZ[38;2;179;188;191mm[38;2;180;189;192mm[38;2;170;181;185mO[38;2;164;176;181m00[0m
[38;2;164;176;181m0[38;2;126;138;143mu[38;2;93;103;108m|[38;2;95;107;113m\[38;2;118;132;139mn[38;2;141;150;152mX[38;2;148;157;159mU[38;2;159;170;174mL[38;2;158;169;172mL[38;2;149;158;160mU[38;2;156;166;169mC[38;2;143;153;156mY[38;2;145;153;155mY[38;2;71;86;93m}[38;2;57;96;115m{[38;2;56;77;87m?[38;2;82;103;112m([38;2;71;103;116m)[38;2;58;71;78m-[38;2;49;73;83m-[38;2;41;65;75m+[38;2;57;82;95m][38;2;64;84;93m[[38;2;92;116;127mt[38;2;161;171;174mL[0m
[38;2;137;144;146mc[38;2;130;157;172mY[38;2;129;135;136mu[38;2;128;139;144mv[38;2;128;154;169mX[38;2;110;131;143mx[38;2;99;120;133mf[38;2;80;91;96m1[38;2;96;112;121m/[38;2;113;134;147mn[38;2;68;79;84m][38;2;100;120;131mf[38;2;134;160;175mU[38;2;45;62;71m~[38;2;60;115;141m|[38;2;49;84;100m][38;2;37;59;69m<[38;2;43;84;101m][38;2;57;110;137m([38;2;33;58;70m<[38;2;44;75;87m-[38;2;82;109;123m|[38;2;125;130;131mn[38;2;63;124;153m/[38;2;109;115;116mt[0m
[38;2;129;137;139mu[38;2;108;129;141mr[38;2;150;154;154mY[38;2;114;135;146mn[38;2;49;56;59m<[38;2;102;122;133mj[38;2;98;118;130mt[38;2;84;100;110m([38;2;109;132;145mx[38;2;53;63;68m+[38;2;104;124;134mj[38;2;71;86;94m}[38;2;118;140;153mu[38;2;55;74;82m-[38;2;59;111;136m([38;2;64;80;87m][38;2;52;99;121m{[38;2;50;73;82m-[38;2;75;83;85m}[38;2;62;116;143m\[38;2;35;68;81m+[38;2;70;98;112m1[38;2;89;103;110m|[38;2;55;99;121m1[38;2;141;149;150mX[0m
[38;2;98;107;109m\[38;2;53;76;85m?[38;2;69;93;104m{[38;2;37;49;53mi[38;2;95;107;113m\[38;2;94;114;125m/[38;2;40;60;67m<[38;2;49;66;70m+[38;2;62;86;96m[[38;2;26;44;49ml[38;2;47;69;77m_[38;2;38;58;64m<[38;2;46;68;75m+[38;2;32;58;67m>[38;2;36;68;80m+[38;2;35;61;71m<[38;2;26;44;50ml[38;2;39;70;82m+[38;2;42;73;85m_[38;2;28;51;58mi[38;2;34;62;72m<[38;2;37;66;77m~[38;2;33;59;69m<[38;2;46;63;68m~[38;2;113;118;118mf[0m
[38;2;212;214;211ma[38;2;190;191;188mww[38;2;172;174;171m0[38;2;146;151;152mX[38;2;140;144;144mc[38;2;189;190;187mw[38;2;190;191;188mwwwwwwwwwwwwwwwww[38;2;211;213;210mh[0m