[38;2;110;102;105mxxxxxxxxxx[38;2;87;82;84m|[38;2;39;38;38mi[38;2;29;28;28mI[38;2;88;82;84m|[38;2;110;102;105mxxxxxxxxxxx[0m
[38;2;110;102;105mxxxxxxxxx[38;2;101;94;96mf[38;2;63;64;64m[[38;2;41;42;42m>[38;2;62;63;63m][38;2;7;8;7m`[38;2;110;102;105mxxxxxxxxxxx[0m
[38;2;110;102;105mxxxxxxxxx[38;2;81;75;77m)[38;2;198;188;162mM[38;2;175;159;113mq[38;2;178;176;166ma[38;2;4;6;4m.[38;2;110;102;105mxxxxxxxxxxx[0m
[38;2;110;102;105mxxxxxxxxx[38;2;92;85;88m/[38;2;218;170;83mh[38;2;248;186;79mW[38;2;212;176;118mo[38;2;6;7;6m`[38;2;109;105;107mn[38;2;110;102;105mxxxxxxxxxx[0m
[38;2;110;102;105mxxxxxx[38;2;106;98;101mr[38;2;150;148;150mZ[38;2;171;169;171mk[38;2;160;160;163mp[38;2;178;177;177ma[38;2;170;165;161mb[38;2;172;172;174mh[38;2;147;147;148mO[38;2;189;190;189mM[38;2;174;174;174mh[38;2;107;108;110mn[38;2;89;82;84m|[38;2;110;102;105mxxxxxxx[0m
[38;2;110;102;105mxxxxxx[38;2;62;59;60m?[38;2;156;156;158mw[38;2;129;129;132mU[38;2;152;153;153mm[38;2;149;149;150mZ[38;2;138;139;141mQ[38;2;123;122;126mX[38;2;118;118;121mz[38;2;177;179;179mo[38;2;144;145;146mO[38;2;18;19;18m,[38;2;24;25;26m;[38;2;95;91;93mt[38;2;110;102;105mxxxxxx[0m
[38;2;110;102;105mxxxxx[38;2;84;79;81m([38;2;31;32;31ml[38;2;153;152;154mm[38;2;169;170;172mk[38;2;150;150;152mZ[38;2;147;146;149mO[38;2;163;163;166md[38;2;166;167;169mb[38;2;168;169;171mk[38;2;174;175;177ma[38;2;77;79;80m([38;2;17;17;17m\[38;2;11;12;11m^[38;2;31;31;31ml[38;2;88;82;84m|[38;2;110;102;105mxxxxx[0m
[38;2;110;102;105mxxxxx[38;2;71;66;68m}[38;2;137;136;138mL[38;2;126;126;127mY[38;2;159;162;161mp[38;2;134;135;137mC[38;2;97;96;99mj[38;2;125;127;130mU[38;2;139;141;143mQ[38;2;150;152;155mm[38;2;159;159;160mq[38;2;105;105;107mx[38;2;154;152;155mm[38;2;63;63;63m][38;2;24;25;25m;[38;2;83;77;79m([38;2;110;102;105mxxxxx[0m
[38;2;110;102;105mxxxxxx[38;2;113;106;108mn[38;2;119;114;115mc[38;2;189;189;188mM[38;2;152;152;152mm[38;2;78;78;80m)[38;2;139;138;141mL[38;2;159;158;160mq[38;2;190;190;191mW[38;2;196;196;195m&[38;2;148;148;150mZ[38;2;141;140;143mQ[38;2;128;122;125mY[38;2;115;108;111mu[38;2;110;102;105mxxxxxx[0m
[38;2;110;102;105mxxxxxxxx[38;2;163;161;161mp[38;2;164;164;164md[38;2;90;90;93m/[38;2;148;148;150mZ[38;2;172;172;174mh[38;2;208;208;208m@[38;2;161;159;161mp[38;2;110;102;105mxxxxxxxxxx[0m
[38;2;110;102;105mxxxxxxxx[38;2;111;104;107mn[38;2;130;130;130mJ[38;2;179;179;180mo[38;2;182;182;183m*[38;2;174;174;174mh[38;2;148;149;149mZ[38;2;93;87;89m/[38;2;110;102;105mxxxxxxxxxx[0m
[38;2;110;102;105mxxxxxxxxx[38;2;26;27;27m;[38;2;57;56;57m-[38;2;73;71;72m{[38;2;46;45;46m~[38;2;36;37;37mi[38;2;77;71;71m1[38;2;110;102;105mxxxxxxxxxx[0m
[38;2;110;102;105mxxxxxxxx[38;2;159;133;92mL[38;2;200;155;61mq[38;2;192;150;67mm[38;2;115;104;103mn[38;2;173;139;76m0[38;2;158;123;49mY[38;2;218;173;76ma[38;2;119;107;101mu[38;2;110;102;105mxxxxxxxxx[0m
[38;2;110;102;105mxxxxxxxxx[38;2;125;110;97mv[38;2;112;102;101mx[38;2;110;102;105mxx[38;2;139;117;96mX[38;2;110;102;105mxxxxxxxxxxx[0m
[38;2;110;102;105mxxxxxxxxxxxxxxxxxxxxxxxxx[0m
[38;2;173;94;96mz[38;2;219;71;76mc[38;2;219;74;80mz[38;2;219;70;74mc[38;2;183;99;101mY[38;2;219;87;90mU[38;2;219;74;80mzz[38;2;192;86;88mz[38;2;110;102;105mx[38;2;173;86;89mv[38;2;192;83;87mc[38;2;110;102;105mx[38;2;192;96;97mY[38;2;219;73;78mc[38;2;219;74;80mz[38;2;192;95;99mY[38;2;183;79;81mu[38;2;110;102;105mxx[38;2;164;99;102mz[38;2;219;71;75mc[38;2;219;74;80mz[38;2;192;99;101mU[38;2;207;114;114m0[0m
[38;2;240;85;86mJ[38;2;110;102;105mxx[38;2;125;115;118mz[38;2;255;54;56mv[38;2;255;109;109mm[38;2;183;100;102mY[38;2;197;71;73mu[38;2;226;97;100mL[38;2;158;103;105mz[38;2;233;71;72mz[38;2;219;61;63mn[38;2;207;124;126mZ[38;2;233;80;80mY[38;2;110;102;105mxx[38;2;146;99;102mv[38;2;207;72;73mv[38;2;110;102;105mxx[38;2;241;62;64mc[38;2;197;83;84mcc[38;2;168;108;110mY[38;2;110;102;105mx[0m
[38;2;173;90;93mc[38;2;219;81;82mX[38;2;219;87;88mY[38;2;219;77;78mz[38;2;183;92;95mz[38;2;192;86;87mz[38;2;119;105;107mu[38;2;207;69;74mu[38;2;183;111;114mC[38;2;219;67;69mv[38;2;146;103;106mc[38;2;183;102;108mU[38;2;207;59;62mx[38;2;219;94;97mJ[38;2;219;80;82mX[38;2;219;87;88mY[38;2;210;116;118m0[38;2;219;54;55mx[38;2;219;87;88mYY[38;2;201;102;104mJ[38;2;219;76;78mz[38;2;219;87;88mY[38;2;200;109;110mL[38;2;110;102;105mx[0m