[38;2;0;0;0m       [38;2;15;39;42m;[38;2;40;102;110m}[38;2;57;146;157mj[38;2;69;177;191mz[38;2;71;183;197mX[38;2;72;184;198mY[38;2;71;183;197mX[38;2;68;176;190mz[38;2;55;141;151mf[38;2;34;87;93m?[38;2;9;23;24m\[38;2;0;0;0m       [0m
[38;2;0;0;0m     [38;2;8;20;21m"[38;2;53;137;148mt[38;2;72;185;199mY[38;2;98;194;206mL[38;2;160;218;225md[38;2;185;228;233ma[38;2;167;221;227mb[38;2;101;195;207mL[38;2;72;185;199mYYYY[38;2;71;183;197mX[38;2;43;112;121m)[38;2;3;8;9m.[38;2;0;0;0m     [0m
[38;2;0;0;0m    [38;2;5;14;15m^[38;2;59;153;164mx[38;2;75;186;200mY[38;2;178;224;230mh[38;2;251;253;254m$[38;2;234;246;248m8[38;2;220;241;243mW[38;2;255;255;255m@[38;2;252;254;254m$[38;2;129;206;215mZ[38;2;72;185;199mYYYYY[38;2;56;144;155mj[38;2;5;14;15m^[38;2;0;0;0m    [0m
[38;2;0;0;0m   [38;2;2;5;5m.[38;2;58;150;162mr[38;2;72;185;199mY[38;2;81;188;201mU[38;2;236;247;248m8[38;2;255;255;255m@[38;2;217;239;242mM[38;2;77;187;200mU[38;2;220;241;243mW[38;2;255;255;255m@[38;2;202;234;238m*[38;2;72;185;199mY[38;2;106;197;209mQ[38;2;123;204;214mO[38;2;76;186;200mY[38;2;72;185;199mYY[38;2;47;121;130m|[38;2;0;0;0m    [0m
[38;2;0;0;0m   [38;2;24;63;68m<[38;2;72;185;199mYYY[38;2;110;198;210mQ[38;2;250;253;253m$[38;2;255;255;255m@[38;2;150;213;221mq[38;2;184;226;232mh[38;2;255;255;255m@[38;2;183;227;232ma[38;2;72;185;199mY[38;2;236;247;248m8[38;2;255;255;255m@[38;2;149;212;221mq[38;2;72;185;199mYY[38;2;71;183;196mX[38;2;8;21;23m"[38;2;0;0;0m   [0m
[38;2;0;0;0m   [38;2;35;90;97m][38;2;72;185;199mYYYY[38;2;161;218;225md[38;2;255;255;255m@@[38;2;252;254;254m$[38;2;191;229;234mo[38;2;84;189;202mJ[38;2;91;191;203mJ[38;2;254;255;255m$[38;2;226;243;245m&[38;2;78;187;200mU[38;2;72;185;199mYYY[38;2;17;44;47mI[38;2;0;0;0m   [0m
[38;2;0;0;0m   [38;2;35;91;98m][38;2;72;185;199mYYYY[38;2;76;186;200mY[38;2;208;235;239m#[38;2;255;255;255m@[38;2;168;220;227mb[38;2;72;185;199mYY[38;2;116;200;211m0[38;2;251;253;254m$[38;2;111;199;210m0[38;2;72;185;199mYYYY[38;2;18;45;49ml[38;2;0;0;0m   [0m
[38;2;0;0;0m   [38;2;32;83;90m-[38;2;72;185;199mYYYYY[38;2;83;188;202mU[38;2;227;244;246m&[38;2;239;248;250m%[38;2;83;188;202mU[38;2;72;185;199mY[38;2;93;192;204mC[38;2;133;207;217mm[38;2;72;185;199mYYYYY[38;2;15;40;43m;[38;2;0;0;0m   [0m
[38;2;0;0;0m   [38;2;9;22;24m"[38;2;70;180;194mX[38;2;72;185;199mYYYYY[38;2;106;197;209mQ[38;2;244;250;251mB[38;2;138;209;218mw[38;2;73;185;199mY[38;2;218;239;242mW[38;2;120;202;213mO[38;2;72;185;199mYYYY[38;2;62;159;171mn[38;2;0;0;0m    [0m
[38;2;0;0;0m    [38;2;24;61;66m>[38;2;71;183;196mX[38;2;72;185;199mY[38;2;82;188;202mU[38;2;140;210;219mw[38;2;141;211;220mww[38;2;148;213;221mq[38;2;142;211;220mw[38;2;141;211;220mw[38;2;160;217;225md[38;2;145;212;221mq[38;2;131;207;216mm[38;2;72;185;199mYY[38;2;71;182;196mX[38;2;19;49;52ml[38;2;0;0;0m    [0m
[38;2;0;0;0m     [38;2;26;68;73m~[38;2;71;182;196mX[38;2;99;195;206mL[38;2;196;231;236mo[38;2;199;232;237m*******[38;2;186;227;233ma[38;2;72;185;199mY[38;2;66;170;183mv[38;2;18;47;51ml[38;2;0;0;0m     [0m
[38;2;0;0;0m      [38;2;13;33;36m:[38;2;49;126;136m\[38;2;71;182;196mX[38;2;72;185;199mYYYYYYY[38;2;67;172;185mc[38;2;40;103;110m}[38;2;7;18;19m"[38;2;0;0;0m      [0m
[38;2;0;0;0m        [38;2;6;16;17m^[38;2;26;67;72m<[38;2;40;103;111m{[38;2;43;110;118m1[38;2;43;111;119m1[38;2;42;109;117m1[38;2;40;103;111m{[38;2;23;60;64m>[38;2;3;7;8m.[38;2;0;0;0m        [0m
[38;2;0;0;0m                         [0m
[38;2;0;0;0m                         [0m
[38;2;0;0;0m                         [0m
[38;2;0;0;0m                         [0m
[38;2;0;0;0m                         [0m