[38;2;98;163;255mkkkkkkkkkk[38;2;121;175;253m#[38;2;142;187;253m%[38;2;140;186;253m8[38;2;133;182;252m&[38;2;103;166;254mh[38;2;98;163;255mkkkkkkkkkk[0m
[38;2;98;163;255mkkkkkkk[38;2;113;171;253mo[38;2;134;182;252m&[38;2;146;189;253mB[38;2;144;189;255m%[38;2;143;189;255m%%%[38;2;151;192;254m$[38;2;144;188;251m%[38;2;114;172;253mo[38;2;98;163;255mkkkkkkkk[0m
[38;2;98;163;255mkkkkk[38;2;123;177;252m#[38;2;144;188;252m%[38;2;150;192;253m$[38;2;144;189;255m%[38;2;143;189;255m%%[38;2;144;189;255m%[38;2;146;190;255mB[38;2;144;189;255m%[38;2;143;189;255m%%[38;2;146;190;254mB[38;2;155;194;251m@[38;2;134;183;251m&[38;2;98;163;255mkkkkkk[0m
[38;2;98;163;255mkkkk[38;2;110;170;253mo[38;2;136;181;254m&[38;2;143;188;255m%[38;2;143;189;255m%%[38;2;146;190;255mB[38;2;138;185;253m8[38;2;122;176;252m#[38;2;115;173;253m*[38;2;135;183;252m&[38;2;148;191;253mB[38;2;144;189;255m%[38;2;143;189;255m%%[38;2;132;180;255mW[38;2;123;176;252m#[38;2;98;163;255mkkkkk[0m
[38;2;98;163;255mkkkk[38;2;123;177;252m#[38;2;125;172;255m##[38;2;133;178;255mW[38;2;131;181;253mW[38;2;110;170;253mo[38;2;98;163;255mkkkkk[38;2;122;176;253m#[38;2;132;180;253mW[38;2;102;164;255mk[38;2;95;161;255mb[38;2;131;178;249mM[38;2;98;163;255mkkkkk[0m
[38;2;98;163;255mkkkk[38;2;123;177;252m#[38;2;125;172;255m#[38;2;124;171;255m*[38;2;125;173;255m#[38;2;118;174;252m*[38;2;98;163;255mkkkkkkk[38;2;139;184;248m&[38;2;95;161;255mbb[38;2;131;178;249mM[38;2;98;163;255mkkkkk[0m
[38;2;98;163;255mkkkk[38;2;123;177;252m#[38;2;125;172;255m#[38;2;124;171;255m*[38;2;125;173;255m#[38;2;118;174;252m*[38;2;98;163;255mkkkkkkk[38;2;139;184;248m&[38;2;95;161;255mbb[38;2;131;178;249mM[38;2;98;163;255mkkkkk[0m
[38;2;98;163;255mkkkk[38;2;123;177;252m#[38;2;125;172;255m#[38;2;124;171;255m*[38;2;124;172;255m#[38;2;116;172;252m*[38;2;98;163;255mkkkkkkk[38;2;133;180;249mW[38;2;95;161;255mbb[38;2;131;178;249mM[38;2;98;163;255mkkkkk[0m
[38;2;98;163;255mkkkk[38;2;126;179;251mM[38;2;125;172;255m#[38;2;124;171;255m**[38;2;129;175;254mM[38;2;125;176;252m#[38;2;105;167;254mh[38;2;98;163;255mkk[38;2;104;167;254mh[38;2;107;168;254ma[38;2;107;168;253ma[38;2;96;161;255mb[38;2;95;161;255mbb[38;2;126;176;250m#[38;2;98;163;255mkkkkk[0m
[38;2;98;163;255mkkkkk[38;2;129;177;253mM[38;2;126;172;255m#[38;2;124;171;255m***[38;2;130;175;254mM[38;2;132;179;252mW[38;2;111;170;253mo[38;2;111;169;253ma[38;2;96;161;255mb[38;2;95;161;255mbbb[38;2;110;168;253ma[38;2;111;169;253ma[38;2;98;163;255mkkkkk[0m
[38;2;98;163;255mkkkkkk[38;2;124;177;251m#[38;2;131;179;252mW[38;2;135;179;253mW[38;2;124;171;255m***[38;2;100;162;255mk[38;2;95;161;255mbbbb[38;2;101;163;254mk[38;2;128;180;250mW[38;2;117;173;252m*[38;2;98;163;255mkkkkk[0m
[38;2;98;163;255mkkkkkkkk[38;2;108;169;254ma[38;2;125;177;252mM[38;2;133;178;253mW[38;2;125;172;255m#[38;2;101;162;255mk[38;2;108;167;253ma[38;2;109;169;253ma[38;2;103;163;254mk[38;2;95;161;255mbbb[38;2;118;172;251m*[38;2;115;173;252m*[38;2;98;163;255mkkkk[0m
[38;2;98;163;255mkkkkkkkkkkk[38;2;115;172;253mo[38;2;111;170;253mo[38;2;105;167;254mh[38;2;98;163;255mk[38;2;113;172;252mo[38;2;109;169;253ma[38;2;102;165;254mh[38;2;111;169;252ma[38;2;105;167;254mh[38;2;98;163;255mkkkkk[0m
[38;2;98;163;255mkkkkkkkkkkkkkkkkkkkkkkkkk[0m
[38;2;114;156;217md[38;2;102;129;165mL[38;2;107;135;174m0[38;2;101;160;241mb[38;2;98;163;255mkkk[38;2;122;150;187mp[38;2;102;158;238md[38;2;98;163;255mkkkkkkkkk[38;2;105;140;188mZ[38;2;102;129;165mL[38;2;106;141;190mZ[38;2;113;167;244ma[38;2;111;136;171mO[38;2;102;129;166mL[38;2;117;160;221mk[0m
[38;2;111;111;115mX[38;2;107;164;244mh[38;2;133;155;190mb[38;2;100;124;153mJ[38;2;110;117;129mU[38;2;138;179;238mW[38;2;103;130;168mQ[38;2;138;131;120mO[38;2;109;127;153mL[38;2;98;115;141mY[38;2;118;152;202mp[38;2;108;128;156mL[38;2;112;133;161m0[38;2;119;141;175mm[38;2;118;138;162mZ[38;2;121;150;190mp[38;2;98;163;255mk[38;2;124;151;193mp[38;2;108;126;150mL[38;2;116;172;251m*[38;2;114;129;151mQ[38;2;118;142;179mm[38;2;105;108;109mz[38;2;113;133;159m0[38;2;121;148;183mq[0m
[38;2;110;112;119mX[38;2;123;149;185mp[38;2;108;122;143mJ[38;2;102;128;161mL[38;2;113;106;97mz[38;2;139;167;207mo[38;2;100;117;142mY[38;2;138;131;119mO[38;2;112;148;198mq[38;2;122;113;106mY[38;2;127;131;134m0[38;2;133;141;154mw[38;2;124;124;124mL[38;2;132;147;167mq[38;2;116;125;136mL[38;2;113;124;139mC[38;2;98;163;255mk[38;2;124;157;204mb[38;2;96;112;135mX[38;2;101;153;227mp[38;2;110;120;133mJ[38;2;134;153;176md[38;2;114;137;167mO[38;2;116;137;169mZ[38;2;93;103;115mv[0m
[38;2;102;158;237md[38;2;97;130;174mL[38;2;98;130;176mL[38;2;116;141;174mm[38;2;118;153;201md[38;2;103;136;182mO[38;2;103;145;203mm[38;2;110;144;195mw[38;2;103;137;183mO[38;2;99;141;200mZ[38;2;117;167;239ma[38;2;97;129;174mL[38;2;111;154;211mp[38;2;107;154;220mp[38;2;95;128;174mL[38;2;99;146;211mm[38;2;98;163;255mkk[38;2;105;147;208mw[38;2;95;128;173mL[38;2;105;149;209mq[38;2;106;166;251mh[38;2;99;136;187m0[38;2;95;128;173mL[38;2;104;156;229md[0m