[38;2;166;198;214mqqqqq[38;2;167;197;213mq[38;2;170;193;203mw[38;2;181;202;212md[38;2;170;195;206mq[38;2;173;195;205mq[38;2;172;196;207mq[38;2;166;198;214mqq[38;2;168;199;214mp[38;2;171;195;206mq[38;2;170;193;203mw[38;2;180;202;211md[38;2;172;196;207mq[38;2;171;194;205mq[38;2;166;198;214mqqqqqq[0m
[38;2;166;198;214mqqqq[38;2;171;199;212mp[38;2;172;186;191mm[38;2;172;199;212mp[38;2;166;192;204mw[38;2;170;195;206mq[38;2;171;195;206mq[38;2;167;191;203mw[38;2;151;170;181mL[38;2;145;171;186mL[38;2;158;181;192mO[38;2;177;200;211mp[38;2;168;193;204mw[38;2;172;197;208mq[38;2;166;192;204mw[38;2;172;198;211mp[38;2;172;184;188mm[38;2;170;199;213mp[38;2;166;198;214mqqqq[0m
[38;2;166;198;214mqqqq[38;2;180;197;204mp[38;2;170;191;200mw[38;2;166;198;214mqq[38;2;168;197;213mq[38;2;168;195;211mq[38;2;75;105;128m|[38;2;29;61;83m<[38;2;38;69;92m_[38;2;50;83;108m[[38;2;77;109;132m\[38;2;143;174;189mQ[38;2;169;200;216mp[38;2;166;198;214mqq[38;2;172;189;196mw[38;2;177;198;207mp[38;2;166;198;214mqqqq[0m
[38;2;166;198;214mqqqq[38;2;174;194;202mq[38;2;173;196;206mq[38;2;166;196;211mq[38;2;117;146;165mc[38;2;129;159;180mU[38;2;161;187;203mm[38;2;87;115;136mt[38;2;33;62;82m~[38;2;45;72;91m-[38;2;71;101;122m([38;2;110;137;156mu[38;2;89;121;143mf[38;2;154;182;197mO[38;2;176;205;219md[38;2;171;196;207mq[38;2;170;198;211mp[38;2;169;193;204mw[38;2;166;198;214mqqqq[0m
[38;2;166;198;214mqqqq[38;2;169;199;214mp[38;2;169;192;202mw[38;2;161;176;185m0[38;2;67;102;126m([38;2;62;94;119m1[38;2;66;95;118m1[38;2;58;86;106m}[38;2;49;78;98m?[38;2;44;75;96m-[38;2;71;101;122m([38;2;160;180;192mO[38;2;154;176;191m0[38;2;151;178;194m0[38;2;184;208;219mk[38;2;169;191;200mw[38;2;170;190;198mw[38;2;169;199;214mp[38;2;166;198;214mqqqq[0m
[38;2;166;198;214mqqqqq[38;2;173;194;204mq[38;2;145;162;174mJ[38;2;156;172;182mQ[38;2;115;137;153mu[38;2;133;149;160mX[38;2;141;154;163mY[38;2;129;145;154mz[38;2;104;126;141mr[38;2;98;124;142mj[38;2;162;188;202mm[38;2;188;214;226mh[38;2;200;220;230mo[38;2;193;205;210mk[38;2;180;198;207mp[38;2;171;195;206mq[38;2;166;198;214mqqqqq[0m
[38;2;166;198;214mqqqqq[38;2;166;191;203mw[38;2;151;167;178mL[38;2;172;186;194mm[38;2;198;207;212mk[38;2;209;216;221mo[38;2;213;219;223m*[38;2;203;210;214mh[38;2;184;193;200mp[38;2;173;192;202mq[38;2;191;209;220mk[38;2;226;235;237m&[38;2;222;225;223mM[38;2;219;227;229mM[38;2;172;185;191mm[38;2;172;196;207mq[38;2;166;198;214mqqqqq[0m
[38;2;166;198;214mqqqq[38;2;169;196;209mq[38;2;168;191;201mw[38;2;127;152;169mX[38;2;200;208;211mh[38;2;224;229;230mW[38;2;228;231;231mW[38;2;244;249;250m$[38;2;238;244;246mB[38;2;226;232;234mW[38;2;212;222;228m*[38;2;214;226;232m#[38;2;215;220;221m*[38;2;219;224;225m#[38;2;154;168;177mL[38;2;156;176;187m0[38;2;167;191;203mw[38;2;168;196;210mq[38;2;166;198;214mqqqq[0m
[38;2;166;198;214mqqqq[38;2;174;192;200mq[38;2;174;195;205mq[38;2;150;168;180mL[38;2;204;218;225mo[38;2;221;224;221m#[38;2;236;238;235m8[38;2;227;229;226mW[38;2;245;250;251m@[38;2;234;239;242m%[38;2;215;221;225m*[38;2;173;184;191mm[38;2;158;173;182m0[38;2;137;152;163mY[38;2;115;135;147mu[38;2;168;189;200mw[38;2;169;193;204mw[38;2;172;194;203mq[38;2;166;198;214mqqqq[0m
[38;2;166;198;214mqqq[38;2;171;194;204mq[38;2;172;198;211mp[38;2;169;193;205mw[38;2;191;201;204mb[38;2;175;194;204mq[38;2;230;237;239m8[38;2;224;228;226mM[38;2;230;232;229m&[38;2;220;224;225m#[38;2;222;227;230mM[38;2;189;201;207md[38;2;169;184;191mm[38;2;122;145;157mc[38;2;117;136;149mu[38;2;151;172;183mQ[38;2;166;198;214mq[38;2;169;191;201mw[38;2;173;193;201mq[38;2;169;200;215mp[38;2;166;198;214mqqq[0m
[38;2;166;198;214mqqq[38;2;187;205;213mb[38;2;169;191;201mw[38;2;166;198;214mq[38;2;184;207;217mb[38;2;193;199;200md[38;2;177;194;204mq[38;2;217;226;232mM[38;2;213;218;220m*[38;2;199;204;207mk[38;2;201;209;214mh[38;2;172;182;187mZ[38;2;174;187;193mw[38;2;128;147;157mz[38;2;151;174;185mQ[38;2;166;198;214mqqq[38;2;177;194;200mq[38;2;177;204;216md[38;2;166;198;214mqqq[0m
[38;2;166;198;214mqqq[38;2;167;196;210mq[38;2;177;193;199mq[38;2;167;193;206mw[38;2;172;198;210mp[38;2;179;199;207mp[38;2;190;200;203md[38;2;187;197;202md[38;2;186;196;200mp[38;2;173;184;190mm[38;2;141;154;161mY[38;2;162;175;182m0[38;2;150;167;175mL[38;2;172;193;203mq[38;2;173;196;206mq[38;2;166;192;204mw[38;2;175;201;213md[38;2;164;190;203mm[38;2;175;192;199mq[38;2;166;198;214mqqqq[0m
[38;2;166;198;214mqqqqq[38;2;174;191;197mw[38;2;187;202;207md[38;2;186;206;214mb[38;2;174;195;203mq[38;2;173;195;204mq[38;2;165;193;207mw[38;2;166;198;214mqqq[38;2;166;193;206mw[38;2;175;196;205mq[38;2;177;198;207mp[38;2;179;201;211md[38;2;186;199;203md[38;2;176;193;200mq[38;2;166;198;214mqqqqq[0m
[38;2;165;191;200mw[38;2;169;195;203mq[38;2;166;198;214mqqqqqqqqqqqqq[38;2;168;198;212mq[38;2;165;196;210mq[38;2;166;198;214mq[38;2;169;199;211mp[38;2;159;189;203mm[38;2;166;196;210mq[38;2;166;198;214mqq[38;2;164;193;205mw[38;2;167;198;212mq[0m
[38;2;133;146;145mz[38;2;153;173;179mQ[38;2;142;151;145mX[38;2;171;199;211mp[38;2;155;178;184m0[38;2;152;173;178mQ[38;2;165;196;210mq[38;2;166;198;214mq[38;2;159;181;186mO[38;2;153;174;179mQ[38;2;166;189;194mm[38;2;169;199;212mp[38;2;158;180;187mO[38;2;152;173;178mQ[38;2;168;196;207mq[38;2;155;173;176mQ[38;2;138;155;158mY[38;2;158;185;195mZ[38;2;153;180;189mO[38;2;157;188;203mm[38;2;152;181;192mO[38;2;153;182;193mO[38;2;154;178;185m0[38;2;161;187;195mZ[38;2;151;176;184m0[0m
[38;2;139;158;162mU[38;2;158;181;188mO[38;2;134;143;137mc[38;2;150;162;160mJ[38;2;169;190;194mw[38;2;166;195;206mq[38;2;146;158;154mU[38;2;140;154;151mY[38;2;159;183;193mZ[38;2;168;195;204mq[38;2;129;137;130mv[38;2;150;164;165mC[38;2;162;184;189mZ[38;2;167;195;206mq[38;2;149;163;163mC[38;2;167;186;190mm[38;2;149;168;172mL[38;2;161;176;171m0[38;2;166;198;214mqqq[38;2;164;183;182mZ[38;2;161;190;202mm[38;2;157;178;179m0[38;2;157;184;193mZ[0m
[38;2;139;158;162mU[38;2;144;158;156mU[38;2;168;190;194mw[38;2;136;149;150mX[38;2;160;178;178m0[38;2;156;177;180m0[38;2;153;167;165mL[38;2;142;148;139mX[38;2;166;196;210mq[38;2;166;198;214mq[38;2;146;154;146mY[38;2;143;158;158mU[38;2;167;197;211mq[38;2;166;198;214mq[38;2;161;182;187mO[38;2;164;187;196mm[38;2;142;169;181mL[38;2;152;174;178mQ[38;2;163;193;207mw[38;2;166;198;214mq[38;2;165;196;212mq[38;2;156;179;182m0[38;2;171;192;193mw[38;2;166;198;214mq[38;2;141;167;175mC[0m
[38;2;155;176;181m0[38;2;168;198;211mq[38;2;154;169;167mL[38;2;168;194;203mw[38;2;142;158;159mU[38;2;142;158;160mU[38;2;157;184;195mZ[38;2;161;191;205mm[38;2;142;159;161mU[38;2;145;161;162mJ[38;2;151;164;162mC[38;2;162;192;207mw[38;2;142;157;158mU[38;2;142;158;160mU[38;2;162;180;182mO[38;2;167;193;203mw[38;2;155;182;194mO[38;2;171;200;212mp[38;2;153;179;189m0[38;2;147;175;186mQ[38;2;153;178;185m0[38;2;166;197;211mq[38;2;160;190;202mm[38;2;153;176;181m0[38;2;155;181;189mO[0m