[38;2;0;0;0m        [38;2;39;11;12m-[38;2;110;25;29m0[38;2;134;31;36ma[38;2;133;31;35mh[38;2;86;20;23mv[38;2;8;2;3m^[38;2;0;0;0m           [0m
[38;2;0;0;0m       [38;2;51;15;17m1[38;2;157;35;40mB[38;2;66;18;20mt[38;2;49;15;16m{[38;2;39;12;14m-[38;2;136;31;36ma[38;2;112;27;30mZ[38;2;0;0;0m           [0m
[38;2;0;0;0m       [38;2;99;26;29mC[38;2;92;21;24mz[38;2;88;25;28mY[38;2;100;24;28mJ[38;2;141;35;40mM[38;2;47;16;17m{[38;2;161;36;42m@[38;2;0;0;0m    [38;2;49;14;15m}[38;2;117;32;36mp[38;2;19;6;6mI[38;2;0;0;0m    [0m
[38;2;0;0;0m       [38;2;19;6;6mI[38;2;85;23;26mz[38;2;35;16;16m][38;2;53;16;17m)[38;2;130;32;36mh[38;2;93;25;28mU[38;2;124;28;32mp[38;2;19;19;20m_[38;2;21;21;22m?[38;2;0;0;0m  [38;2;120;30;34mp[38;2;116;30;34mq[38;2;32;9;9m<[38;2;0;0;0m    [0m
[38;2;0;0;0m         [38;2;77;23;26mu[38;2;119;32;36md[38;2;109;30;34mm[38;2;154;35;40m%[38;2;51;31;33mx[38;2;55;58;61mp[38;2;38;40;42mu[38;2;38;9;10m+[38;2;119;31;35mp[38;2;70;18;20mf[38;2;0;0;0m      [0m
[38;2;0;0;0m        [38;2;57;27;28mr[38;2;76;23;25mu[38;2;144;35;40mW[38;2;126;34;38mh[38;2;41;33;35mr[38;2;52;55;58mm[38;2;19;20;21m-[38;2;56;58;61mp[38;2;79;24;27mc[38;2;156;38;43m$[38;2;0;0;0m       [0m
[38;2;0;0;0m       [38;2;52;15;17m1[38;2;145;36;40m&[38;2;137;33;38m*[38;2;74;32;34mY[38;2;48;51;53mQ[38;2;43;45;48mY[38;2;16;17;18m~[38;2;14;13;13mi[38;2;49;52;54m0[38;2;88;31;34mL[38;2;152;39;44m$[38;2;0;0;0m       [0m
[38;2;0;0;0m     [38;2;8;3;3m"[38;2;115;30;34mq[38;2;132;32;36ma[38;2;70;30;32mz[38;2;45;45;48mU[38;2;49;48;51mL[38;2;59;23;25mf[38;2;22;24;27m}[38;2;26;30;33m|[38;2;57;59;61md[38;2;41;44;46mX[38;2;15;16;16m<[38;2;0;0;0m        [0m
[38;2;0;0;0m     [38;2;91;24;26mY[38;2;114;31;35mq[38;2;43;43;46mX[38;2;47;50;53mQ[38;2;66;31;34mc[38;2;7;2;2m^[38;2;131;22;27mw[38;2;59;28;31mn[38;2;40;44;47mX[38;2;57;59;62md[38;2;30;32;33m/[38;2;44;47;49mJ[38;2;5;5;5m"[38;2;0;0;0m       [0m
[38;2;0;0;0m    [38;2;25;9;10mi[38;2;146;41;46mB[38;2;54;51;53mO[38;2;38;39;41mu[38;2;34;25;27m([38;2;138;28;32mh[38;2;130;28;32md[38;2;148;34;39mW[38;2;46;40;44mz[38;2;49;53;56mO[38;2;37;38;40mn[38;2;0;0;0m [38;2;34;36;38mr[38;2;48;51;54mQ[38;2;0;0;0m       [0m
[38;2;0;0;0m    [38;2;70;32;34mX[38;2;70;56;59mk[38;2;28;29;30m([38;2;24;23;25m[[38;2;34;37;41mx[38;2;44;42;45mX[38;2;53;35;38mv[38;2;44;43;46mX[38;2;45;49;52mC[38;2;48;50;53mQ[38;2;4;4;4m^[38;2;0;0;0m [38;2;19;20;21m-[38;2;53;57;60mq[38;2;8;9;9m;[38;2;0;0;0m      [0m
[38;2;0;0;0m    [38;2;15;15;15m>[38;2;31;32;34m/[38;2;40;43;45mz[38;2;55;59;62md[38;2;47;50;53mQ[38;2;50;54;57mZZ[38;2;54;57;61mq[38;2;49;53;55mO[38;2;4;4;4m^[38;2;0;0;0m  [38;2;24;25;27m{[38;2;50;53;56mO[38;2;18;19;20m_[38;2;0;0;0m      [0m
[38;2;0;0;0m      [38;2;29;8;9m>[38;2;102;27;31mQ[38;2;11;7;7m:[38;2;15;16;17m<[38;2;44;47;50mJ[38;2;15;16;17m<[38;2;36;39;41mn[38;2;45;48;50mC[38;2;5;5;6m"[38;2;0;0;0m          [0m
[38;2;0;0;0m    [38;2;90;24;27mY[38;2;140;39;43m&[38;2;104;25;29mL[38;2;12;4;4m\[38;2;0;0;0m  [38;2;49;52;55m0[38;2;0;0;0m  [38;2;21;22;23m][38;2;46;48;51mC[38;2;11;11;12ml[38;2;0;0;0m         [0m
[38;2;0;0;0m    [38;2;83;22;24mv[38;2;97;29;32mQ[38;2;0;0;0m   [38;2;11;11;12ml[38;2;35;37;39mx[38;2;0;0;0m              [0m
[38;2;30;5;3m![38;2;30;5;4m![38;2;20;3;2m:[38;2;30;5;4m!![38;2;23;4;2m;[38;2;30;5;3m![38;2;31;5;4m![38;2;22;4;3m;[38;2;19;4;3m:[38;2;0;0;0m [38;2;14;3;2m\[38;2;30;5;4m!!![38;2;23;4;3m;[38;2;31;5;4m![38;2;30;5;3m![38;2;23;4;3m;[38;2;30;5;4m!![38;2;15;3;2m,[38;2;30;5;3m![38;2;30;5;4m![38;2;30;5;3m![0m
[38;2;105;17;11mz[38;2;91;15;10mx[38;2;68;13;9m|[38;2;77;12;8m\[38;2;88;16;11mx[38;2;81;14;9mf[38;2;75;12;8m\[38;2;32;5;3m![38;2;36;7;5m<[38;2;78;14;9mt[38;2;0;0;0m [38;2;59;10;7m}[38;2;111;19;13mU[38;2;92;15;9mx[38;2;108;19;12mY[38;2;74;12;7m|[38;2;31;5;3m![38;2;90;15;9mx[38;2;76;12;7m\[38;2;31;5;3m![38;2;97;16;10mu[38;2;70;11;7m([38;2;111;18;11mY[38;2;90;15;9mx[38;2;98;17;12mv[0m
[38;2;73;13;8m\[38;2;66;11;8m)[38;2;60;10;7m}[38;2;75;13;8m\[38;2;59;11;7m{[38;2;58;10;7m}[38;2;74;13;8m\[38;2;59;11;7m{[38;2;58;10;7m}[38;2;79;13;8m/[38;2;59;11;7m{[38;2;59;10;7m}[38;2;69;13;9m|[38;2;58;10;7m}[38;2;46;10;7m?[38;2;59;10;7m}[38;2;58;10;7m}[38;2;89;15;10mx[38;2;45;8;5m_[38;2;0;0;0m [38;2;66;12;8m)[38;2;53;9;6m][38;2;78;14;9mt[38;2;58;10;7m}[38;2;89;15;9mr[0m