[38;2;0;0;0m       [38;2;15;26;33m,[38;2;24;88;121m[[38;2;38;145;195mn[38;2;43;173;232mY[38;2;43;184;244mC[38;2;51;188;244mL[38;2;53;191;244mQ[38;2;57;171;212mU[38;2;53;141;172mn[38;2;29;62;74m~[38;2;0;0;0m        [0m
[38;2;0;0;0m     [38;2;8;10;12m`[38;2;50;108;150m\[38;2;36;159;233mc[38;2;22;162;237mc[38;2;17;166;240mc[38;2;19;169;242mz[38;2;24;174;243mX[38;2;30;177;243mY[38;2;35;181;243mU[38;2;40;185;244mC[38;2;46;188;244mL[38;2;52;193;244mQ[38;2;61;173;213mU[38;2;32;63;74m+[38;2;0;0;0m      [0m
[38;2;0;0;0m     [38;2;73;116;163mj[38;2;60;145;218mc[38;2;51;149;222mc[38;2;42;153;227mc[38;2;33;157;232mc[38;2;23;161;236mc[38;2;29;168;241mX[38;2;51;176;244mJ[38;2;26;173;243mX[38;2;28;177;243mY[38;2;34;180;243mU[38;2;40;185;244mC[38;2;45;188;244mL[38;2;58;193;244m0[38;2;31;68;82m_[38;2;0;0;0m     [0m
[38;2;0;0;0m    [38;2;73;88;124m([38;2;90;131;202mv[38;2;80;136;208mv[38;2;71;140;212mv[38;2;62;144;217mc[38;2;53;148;221mc[38;2;119;183;238mm[38;2;187;196;237ma[38;2;157;183;233mp[38;2;188;210;248m#[38;2;68;179;242mL[38;2;22;172;243mX[38;2;28;176;243mY[38;2;33;180;243mU[38;2;38;184;244mJ[38;2;52;189;244mL[38;2;17;39;49mI[38;2;0;0;0m    [0m
[38;2;0;0;0m   [38;2;28;29;40m;[38;2;103;117;189mn[38;2;99;120;192mu[38;2;97;125;197mv[38;2;92;130;201mv[38;2;85;134;205mv[38;2;76;138;210mv[38;2;212;215;247m&[38;2;61;134;210mn[38;2;47;150;224mv[38;2;102;175;235m0[38;2;194;203;242m*[38;2;21;161;237mc[38;2;17;167;241mc[38;2;20;171;242mz[38;2;25;174;243mX[38;2;30;178;243mY[38;2;36;129;171mf[38;2;0;0;0m    [0m
[38;2;0;0;0m   [38;2;62;60;93m?[38;2;106;105;180mr[38;2;104;110;184mx[38;2;102;115;188mn[38;2;100;119;192mu[38;2;120;142;206mU[38;2;182;196;237ma[38;2;223;224;252mB[38;2;178;197;239ma[38;2;175;201;242ma[38;2;188;209;246m#[38;2;221;221;250m%[38;2;152;197;244mk[38;2;34;158;233mc[38;2;21;162;238mc[38;2;16;166;241mc[38;2;19;170;242mz[38;2;36;177;243mU[38;2;0;0;0m    [0m
[38;2;0;0;0m   [38;2;61;51;86m_[38;2;111;95;171mj[38;2;109;99;175mj[38;2;106;105;179mr[38;2;104;109;183mx[38;2;163;168;218mw[38;2;229;229;255m@@@@@@@[38;2;80;152;220mY[38;2;41;153;227mc[38;2;32;157;232mc[38;2;23;161;236mc[38;2;29;167;240mz[38;2;0;0;0m    [0m
[38;2;0;0;0m   [38;2;61;47;79m+[38;2;114;87;159mt[38;2;113;90;164mf[38;2;112;93;169mf[38;2;110;98;173mj[38;2;166;162;214mm[38;2;229;229;255m@@[38;2;174;171;220mq[38;2;125;132;199mX[38;2;209;212;245mW[38;2;229;229;255m@@[38;2;97;144;210mX[38;2;64;143;216mv[38;2;55;147;220mc[38;2;45;151;225mv[38;2;48;155;227mz[38;2;0;0;0m    [0m
[38;2;0;0;0m   [38;2;43;34;48m![38;2;115;85;147mt[38;2;115;86;152mt[38;2;114;87;159mt[38;2;114;89;164mf[38;2;168;157;209mZ[38;2;229;229;255m@@[38;2;195;196;234mo[38;2;155;161;214mZ[38;2;219;220;250m%[38;2;229;229;255m@@[38;2;111;137;203mX[38;2;84;134;206mv[38;2;75;138;210mv[38;2;66;142;215mv[38;2;74;128;183mn[38;2;0;0;0m    [0m
[38;2;0;0;0m   [38;2;8;6;8m`[38;2;117;87;130mt[38;2;115;83;139m/[38;2;115;85;146mt[38;2;115;86;152mt[38;2;168;154;202mO[38;2;229;229;255m@@@@@@@[38;2;116;129;195mz[38;2;97;124;196mu[38;2;93;129;200mv[38;2;87;132;204mv[38;2;69;76;102m}[38;2;0;0;0m    [0m
[38;2;0;0;0m    [38;2;42;35;43m![38;2;115;81;123m\[38;2;115;82;132m/[38;2;115;83;138m/[38;2;125;97;153mr[38;2;156;137;188mC[38;2;156;137;191mC[38;2;156;138;194mC[38;2;156;138;196mC[38;2;155;139;198mC[38;2;154;141;200mL[38;2;146;135;197mJ[38;2;103;104;180mr[38;2;102;113;186mn[38;2;101;116;189mn[38;2;98;92;134m/[38;2;10;9;10m`[38;2;0;0;0m    [0m
[38;2;0;0;0m     [38;2;46;36;46m![38;2;121;85;125m/[38;2;116;80;125m\[38;2;115;81;131m\[38;2;115;82;136m/[38;2;115;84;142m/[38;2;115;85;148mt[38;2;114;86;154mt[38;2;114;88;159mt[38;2;113;89;165mf[38;2;112;93;169mf[38;2;109;98;174mj[38;2;108;101;175mr[38;2;107;91;129m/[38;2;21;21;21m,[38;2;0;0;0m     [0m
[38;2;0;0;0m      [38;2;38;30;38mI[38;2;96;70;97m1[38;2;121;83;124m/[38;2;116;80;124m\[38;2;115;81;129m\[38;2;115;82;136m/[38;2;115;84;141m/[38;2;115;85;147mt[38;2;114;86;152mt[38;2;115;86;154mt[38;2;112;86;138m/[38;2;63;48;68m+[38;2;9;7;9m`[38;2;0;0;0m      [0m
[38;2;0;0;0m        [38;2;15;12;15m^[38;2;56;42;57m<[38;2;70;50;72m_[38;2;74;52;77m-[38;2;74;53;79m-[38;2;74;52;80m-[38;2;77;60;80m][38;2;44;34;44m![38;2;0;0;0m         [0m
[38;2;0;0;0m               [38;2;27;84;126m[[38;2;0;0;0m  [38;2;26;84;126m[[38;2;0;0;0m      [0m
[38;2;23;75;112m-[38;2;19;66;102m+[38;2;18;60;88m~[38;2;28;89;135m}[38;2;16;50;74mi[38;2;16;52;78m>[38;2;28;90;134m}[38;2;25;80;120m][38;2;7;23;33m\[38;2;19;60;89m~[38;2;18;60;89m~[38;2;29;88;135m}[38;2;12;39;60mI[38;2;30;91;136m{[38;2;18;60;90m~[38;2;35;113;168m\[38;2;28;91;134m}[38;2;18;52;77m>[38;2;35;113;168m\[38;2;18;64;96m+[38;2;7;22;34m\[38;2;21;67;100m+[38;2;9;30;45m:[38;2;25;82;123m][38;2;19;60;90m~[0m
[38;2;28;96;147m1[38;2;21;68;99m_[38;2;46;150;224mv[38;2;28;103;147m)[38;2;37;120;179mtt[38;2;0;0;0m [38;2;31;100;149m)[38;2;12;37;56mI[38;2;31;100;149m)[38;2;34;113;168m\[38;2;0;0;0m [38;2;47;150;224mv[38;2;30;97;146m1[38;2;37;120;179mt[38;2;36;113;168m\[38;2;2;7;11m.[38;2;47;149;224mv[38;2;35;113;168m\[38;2;28;84;143m}[38;2;16;46;69m![38;2;35;112;168m\[38;2;43;139;210mn[38;2;33;105;156m([38;2;37;120;179mt[0m
[38;2;32;119;169m/[38;2;29;110;156m|[38;2;24;96;133m{[38;2;35;128;184mf[38;2;18;63;93m~[38;2;27;83;126m[[38;2;36;111;168m\[38;2;23;96;133m{[38;2;38;122;181mt[38;2;40;123;189mf[38;2;26;85;126m[[38;2;0;0;0m [38;2;24;74;112m-[38;2;35;112;168m\[38;2;20;63;93m~[38;2;29;102;156m)[38;2;35;112;168m\[38;2;22;75;112m-[38;2;27;84;126m[[38;2;19;62;93m~[38;2;40;123;184mf[38;2;38;121;182mt[38;2;19;62;93m~[38;2;35;112;168m\[38;2;23;76;111m?[0m