[38;2;0;0;0m      [38;2;22;13;31m_[38;2;48;29;69mc[38;2;64;39;93mw[38;2;24;14;34m-[38;2;0;0;0m               [0m
[38;2;0;0;0m     [38;2;43;26;62mx[38;2;61;37;88mZ[38;2;71;44;104mh[38;2;65;39;93mw[38;2;33;20;48m([38;2;4;2;5m`[38;2;0;0;0m [38;2;14;9;21m![38;2;43;26;62mx[38;2;67;40;96mp[38;2;43;26;62mx[38;2;0;0;0m         [0m
[38;2;0;0;0m     [38;2;43;26;62mx[38;2;50;30;72mz[38;2;76;46;110m#[38;2;65;39;93mw[38;2;48;29;69mc[38;2;75;45;109m*[38;2;11;7;16mI[38;2;5;3;7m^[38;2;86;52;124m@@[38;2;43;26;62mx[38;2;0;0;0m         [0m
[38;2;0;0;0m     [38;2;43;26;62mx[38;2;39;23;56mt[38;2;80;49;116m&[38;2;65;39;93mw[38;2;52;32;75mU[38;2;64;39;93mw[38;2;43;26;62mx[38;2;29;17;41m}[38;2;86;52;124m@@[38;2;43;26;62mx[38;2;0;0;0m         [0m
[38;2;0;0;0m     [38;2;43;26;62mx[38;2;47;28;67mv[38;2;76;46;110m#[38;2;68;41;98md[38;2;39;23;55mt[38;2;39;24;57mf[38;2;43;26;62mx[38;2;49;29;68mc[38;2;86;52;124m@@[38;2;43;26;62mx[38;2;64;39;93mw[38;2;58;35;83mQ[38;2;32;19;46m)[38;2;0;0;0m      [0m
[38;2;0;0;0m     [38;2;43;26;62mx[38;2;65;39;93mw[38;2;62;38;90mm[38;2;32;19;47m)[38;2;47;29;69mc[38;2;47;28;67mv[38;2;11;6;16m;[38;2;0;0;0m [38;2;86;52;124m@@[38;2;43;26;62mx[38;2;39;24;57mf[38;2;76;46;110m#[38;2;86;52;124m@[38;2;29;17;41m}[38;2;0;0;0m     [0m
[38;2;0;0;0m     [38;2;11;7;16mI[38;2;57;35;83mQ[38;2;43;26;62mx[38;2;11;7;16mI[38;2;0;0;0m [38;2;7;4;10m\[38;2;47;28;67mv[38;2;53;32;76mU[38;2;86;52;124m@@[38;2;43;26;62mx[38;2;0;0;0m [38;2;24;14;34m-[38;2;75;46;109m*[38;2;29;17;41m}[38;2;0;0;0m     [0m
[38;2;0;0;0m       [38;2;17;11;25m<[38;2;60;37;87mO[38;2;40;24;58mj[38;2;22;13;31m_[38;2;52;31;74mY[38;2;80;48;116m&[38;2;86;52;124m@@[38;2;82;49;118m8[38;2;35;21;50m|[38;2;0;0;0m [38;2;4;3;6m^[38;2;6;3;8m"[38;2;0;0;0m     [0m
[38;2;0;0;0m        [38;2;22;13;31m_[38;2;86;52;124m@@@@@@@@[38;2;72;43;103mh[38;2;32;20;47m([38;2;0;0;0m      [0m
[38;2;0;0;0m        [38;2;7;4;10m\[38;2;53;32;76mU[38;2;82;50;119m%[38;2;86;52;124m@@@@@@[38;2;81;49;117m8[38;2;57;35;83mQ[38;2;14;9;21m![38;2;0;0;0m     [0m
[38;2;0;0;0m          [38;2;9;5;12m,[38;2;60;36;87mO[38;2;86;52;124m@@@[38;2;60;36;87mO[38;2;26;16;37m][38;2;0;0;0m        [0m
[38;2;0;0;0m            [38;2;14;9;21m![38;2;40;24;57mf[38;2;19;12;28m~[38;2;0;0;0m [38;2;7;4;10m\[38;2;15;8;20m![38;2;11;6;15m;[38;2;0;0;0m      [0m
[38;2;57;35;83mQQQQQQ[38;2;29;17;41m}[38;2;0;0;0m     [38;2;14;9;21m![38;2;86;52;124m@@[38;2;18;11;26m<[38;2;43;26;62mx[38;2;86;52;124m@[38;2;65;39;93mw[38;2;0;0;0m      [0m
[38;2;43;26;61mxx[38;2;86;52;124m@@[38;2;57;34;82mL[38;2;43;26;61mx[38;2;39;24;57mf[38;2;38;23;55mt[38;2;50;30;72mz[38;2;53;32;76mU[38;2;36;22;52m/[38;2;4;2;5m`[38;2;0;0;0m [38;2;47;28;67mv[38;2;48;29;69mc[38;2;11;7;16mI[38;2;43;26;62mx[38;2;86;52;124m@[38;2;65;39;93mw[38;2;0;0;0m [38;2;14;9;21m![38;2;47;28;67mv[38;2;57;35;83mQ[38;2;47;28;67mv[38;2;24;14;34m-[0m
[38;2;0;0;0m  [38;2;86;52;124m@@[38;2;29;17;41m}[38;2;0;0;0m [38;2;47;29;68mc[38;2;69;41;99md[38;2;52;31;74mY[38;2;75;45;107mo[38;2;86;52;124m@[38;2;39;23;56mt[38;2;0;0;0m [38;2;86;52;124m@@[38;2;22;13;31m_[38;2;43;26;62mx[38;2;86;52;124m@[38;2;65;39;93mw[38;2;0;0;0m [38;2;77;47;112mM[38;2;86;52;124m@[38;2;52;31;74mY[38;2;60;36;87mO[38;2;46;28;66mu[0m
[38;2;0;0;0m  [38;2;86;52;124m@@[38;2;29;17;41m}[38;2;0;0;0m [38;2;36;22;52m/[38;2;62;38;90mm[38;2;75;46;109m*[38;2;81;49;117m8[38;2;86;52;124m@[38;2;64;39;93mw[38;2;0;0;0m [38;2;86;52;124m@@[38;2;22;13;31m_[38;2;43;26;62mx[38;2;86;52;124m@[38;2;65;39;93mw[38;2;0;0;0m [38;2;47;28;67mv[38;2;82;50;119m%[38;2;81;49;117m8[38;2;65;39;93mw[38;2;29;17;41m}[0m
[38;2;0;0;0m  [38;2;86;52;124m@@[38;2;29;17;41m}[38;2;0;0;0m [38;2;86;52;124m@@[38;2;43;26;62mx[38;2;62;38;90mm[38;2;86;52;124m@[38;2;65;39;93mw[38;2;0;0;0m [38;2;86;52;124m@@[38;2;22;13;31m_[38;2;43;26;62mx[38;2;86;52;124m@[38;2;72;43;103mh[38;2;10;6;14m:[38;2;47;28;67mv[38;2;39;24;57mf[38;2;53;32;76mU[38;2;86;52;124m@@[0m
[38;2;0;0;0m  [38;2;69;42;99mbb[38;2;23;14;33m-[38;2;0;0;0m [38;2;43;26;62mx[38;2;69;42;99mbb[38;2;46;28;66mu[38;2;69;42;99mb[38;2;52;31;74mY[38;2;0;0;0m [38;2;69;42;99mbb[38;2;17;10;25m>>[38;2;63;38;91mm[38;2;69;42;99mb[38;2;40;24;58mj[38;2;52;31;74mY[38;2;69;42;99mbb[38;2;64;39;93mw[38;2;29;17;41m}[0m