[38;2;0;0;0m        [38;2;5;5;5m_[38;2;11;11;11mv[38;2;16;16;16mbbbbb[38;2;10;10;10mx[38;2;3;3;3ml[38;2;0;0;0m        [0m
[38;2;0;0;0m      [38;2;6;6;6m][38;2;17;17;17ma[38;2;20;20;20m@@@@@@@@@[38;2;15;15;15mw[38;2;4;4;4m>[38;2;0;0;0m      [0m
[38;2;0;0;0m     [38;2;9;9;9mf[38;2;20;20;20m@@@@@@@@@@@@[38;2;19;19;19m8[38;2;9;9;9mf[38;2;0;0;0m     [0m
[38;2;0;0;0m    [38;2;7;7;7m1[38;2;8;8;8m|||||||||[38;2;6;6;6m][38;2;5;5;5m_[38;2;20;20;20m@@@@[38;2;7;7;7m1[38;2;0;0;0m    [0m
[38;2;0;0;0m   [38;2;4;4;4m>[38;2;20;20;20m@@@@@@[38;2;14;14;14mO[38;2;10;10;10mx[38;2;20;20;20m@[38;2;19;19;19m8[38;2;7;7;7m1[38;2;19;19;19m8[38;2;20;20;20m@@@@[38;2;18;18;18mM[38;2;1;1;1m^[38;2;0;0;0m   [0m
[38;2;0;0;0m   [38;2;10;10;10mx[38;2;20;20;20m@@@@@@[38;2;19;19;19m8[38;2;4;4;4m>[38;2;11;11;11mv[38;2;8;8;8m|[38;2;19;19;19m8[38;2;20;20;20m@@@@@@[38;2;5;5;5m_[38;2;0;0;0m   [0m
[38;2;0;0;0m   [38;2;10;10;10mx[38;2;20;20;20m@@@@@@@[38;2;15;15;15mw[38;2;0;0;0m [38;2;10;10;10mx[38;2;20;20;20m@@@@@@@[38;2;5;5;5m_[38;2;0;0;0m   [0m
[38;2;0;0;0m   [38;2;10;10;10mx[38;2;20;20;20m@@@@@@[38;2;19;19;19m8[38;2;8;8;8m|[38;2;15;15;15mw[38;2;1;1;1m^[38;2;14;14;14mO[38;2;20;20;20m@@@@@@[38;2;5;5;5m_[38;2;0;0;0m   [0m
[38;2;0;0;0m   [38;2;8;8;8m|[38;2;20;20;20m@@@@@@[38;2;9;9;9mf[38;2;17;17;17ma[38;2;20;20;20m@[38;2;13;13;13mC[38;2;0;0;0m [38;2;17;17;17ma[38;2;20;20;20m@@@@@[38;2;3;3;3ml[38;2;0;0;0m   [0m
[38;2;0;0;0m    [38;2;16;16;16mb[38;2;20;20;20m@@@@[38;2;10;10;10mx[38;2;9;9;9mf[38;2;16;16;16mbbbbbbbbb[38;2;11;11;11mv[38;2;0;0;0m    [0m
[38;2;0;0;0m    [38;2;1;1;1m^[38;2;17;17;17ma[38;2;20;20;20m@@[38;2;18;18;18mM[38;2;12;12;12mYYYYYYYYYY[38;2;7;7;7m1[38;2;0;0;0m     [0m
[38;2;0;0;0m     [38;2;2;2;2m,[38;2;15;15;15mw[38;2;20;20;20m@@@@@@@@@@@[38;2;10;10;10mx[38;2;0;0;0m      [0m
[38;2;0;0;0m       [38;2;5;5;5m_[38;2;13;13;13mC[38;2;19;19;19m8[38;2;20;20;20m@@@@@[38;2;18;18;18mM[38;2;11;11;11mv[38;2;4;4;4m>[38;2;0;0;0m       [0m
[38;2;0;0;0m          [38;2;4;4;4m>>>>>[38;2;0;0;0m          [0m
[38;2;0;0;0m                         [0m
[38;2;0;0;0m                         [0m
[38;2;0;0;0m                         [0m
[38;2;0;0;0m                         [0m