[38;2;1;4;0m       [38;2;14;14;8m^[38;2;76;33;22mi[38;2;138;51;34m][38;2;179;68;47m([38;2;186;55;34m1[38;2;185;49;28m{[38;2;187;58;36m)[38;2;176;65;45m([38;2;131;47;30m?[38;2;67;33;22m![38;2;1;4;0m        [0m
[38;2;1;4;0m      [38;2;114;51;36m-[38;2;208;59;36m|[38;2;222;58;34m\\\\[38;2;222;58;33m\[38;2;222;58;34m\[38;2;222;60;35m\[38;2;228;92;71mn[38;2;223;62;37m/[38;2;210;71;47m/[38;2;93;47;34m+[38;2;1;4;0m      [0m
[38;2;1;4;0m     [38;2;147;59;42m}[38;2;222;58;33m\[38;2;222;59;34m\[38;2;222;58;34m\\[38;2;223;66;43m/[38;2;229;100;80mu[38;2;231;111;92mz[38;2;227;91;70mn[38;2;241;179;168mp[38;2;254;255;252m@[38;2;239;159;147mZ[38;2;222;59;34m\\[38;2;136;50;33m][38;2;13;15;10m^[38;2;1;4;0m    [0m
[38;2;1;4;0m    [38;2;137;63;45m}[38;2;222;58;33m\\[38;2;222;58;34m\[38;2;225;75;53mf[38;2;238;158;145mO[38;2;238;154;141mO[38;2;253;251;248m$[38;2;252;245;241m%[38;2;253;249;245mB[38;2;240;168;156mw[38;2;243;181;172mp[38;2;228;93;73mn[38;2;222;58;34m\[38;2;222;58;33m\\[38;2;125;51;35m?[38;2;1;4;0m    [0m
[38;2;1;4;0m   [38;2;60;41;32mi[38;2;222;59;34m\[38;2;222;58;34m\\[38;2;224;73;50mf[38;2;250;226;221mW[38;2;253;245;242mB[38;2;229;103;82mv[38;2;223;67;44mt[38;2;222;58;33m\[38;2;224;71;48mt[38;2;235;138;122mC[38;2;252;241;237m%[38;2;246;206;198ma[38;2;222;62;38m/[38;2;222;58;34m\[38;2;222;58;33m\[38;2;223;70;45mt[38;2;25;24;17m,[38;2;1;4;0m   [0m
[38;2;1;4;0m   [38;2;114;52;36m-[38;2;222;58;34m\[38;2;227;86;64mx[38;2;234;132;116mJ[38;2;236;142;128mL[38;2;254;253;250m$[38;2;229;103;84mv[38;2;222;58;34m\\[38;2;222;58;33m\[38;2;222;59;34m\[38;2;222;58;34m\[38;2;232;119;101mX[38;2;254;255;252m@[38;2;235;134;118mC[38;2;222;59;34m\[38;2;222;58;34m\[38;2;222;58;33m\[38;2;57;22;13m;[38;2;1;4;0m   [0m
[38;2;1;4;0m   [38;2;111;33;19m<[38;2;222;58;33m\[38;2;243;190;180mb[38;2;254;255;252m@[38;2;236;147;133mQ[38;2;251;235;230m&[38;2;222;59;34m\[38;2;222;58;34m\\\\[38;2;222;58;33m\[38;2;224;69;46mt[38;2;239;163;150mZ[38;2;231;120;101mX[38;2;222;58;34m\[38;2;222;58;33m\[38;2;222;58;34m\[38;2;56;18;9m:[38;2;1;4;0m   [0m
[38;2;1;4;0m   [38;2;115;56;41m?[38;2;222;58;33m\[38;2;225;73;51mf[38;2;230;107;87mc[38;2;235;141;126mL[38;2;254;254;251m$[38;2;231;118;100mX[38;2;222;58;33m\\[38;2;222;57;33m\[38;2;222;58;33m\\[38;2;234;131;115mJ[38;2;254;255;252m@[38;2;232;124;106mY[38;2;222;58;33m\\[38;2;222;57;33m\[38;2;57;25;16mI[38;2;1;4;0m   [0m
[38;2;1;4;0m   [38;2;36;24;16m:[38;2;223;62;37m/[38;2;222;58;34m\\[38;2;223;66;42m/[38;2;247;213;206m*[38;2;253;251;248m$[38;2;230;112;93mz[38;2;227;87;66mx[38;2;224;70;47mt[38;2;228;93;72mn[38;2;239;160;148mZ[38;2;253;249;245mB[38;2;244;190;181mb[38;2;222;60;35m\[38;2;222;59;34m\[38;2;222;58;33m\[38;2;212;64;41m\[38;2;13;14;9m^[38;2;1;4;0m   [0m
[38;2;1;4;0m    [38;2;107;50;35m_[38;2;222;58;33m\[38;2;222;58;34m\\[38;2;223;67;44mt[38;2;235;134;118mC[38;2;237;153;139m0[38;2;254;255;252m@@[38;2;253;247;244mB[38;2;238;158;145mO[38;2;243;183;173md[38;2;229;99;79mu[38;2;222;58;34m\\[38;2;222;57;33m\[38;2;115;55;40m?[38;2;1;4;0m    [0m
[38;2;1;4;0m     [38;2;126;56;40m][38;2;222;59;34m\\[38;2;222;58;34m\[38;2;222;58;33m\[38;2;222;58;34m\[38;2;225;79;57mj[38;2;228;93;74mn[38;2;224;74;51mf[38;2;239;166;154mm[38;2;254;255;252m@[38;2;237;150;136m0[38;2;222;59;34m\[38;2;223;63;38m/[38;2;122;54;38m?[38;2;1;4;0m     [0m
[38;2;1;4;0m      [38;2;80;37;25m>[38;2;210;75;51mt[38;2;222;58;33m\[38;2;222;58;34m\[38;2;222;58;33m\\[38;2;222;57;33m\[38;2;222;58;34m\[38;2;222;58;33m\[38;2;223;67;43mt[38;2;222;59;34m\[38;2;180;58;37m1[38;2;70;38;27mi[38;2;1;4;0m      [0m
[38;2;1;4;0m        [38;2;70;36;25mi[38;2;136;53;36m][38;2;180;65;44m([38;2;178;47;27m}}[38;2;178;48;27m}[38;2;180;66;45m([38;2;124;43;27m_[38;2;59;35;25m![38;2;1;4;0m        [0m
[38;2;1;4;0m    [38;2;72;74;64m?[38;2;37;39;33ml[38;2;1;4;0m            [38;2;31;33;27m;[38;2;1;4;0m      [0m
[38;2;31;34;27m;[38;2;1;4;0m [38;2;40;42;35m![38;2;30;32;26m;[38;2;75;77;67m][38;2;34;36;30mI[38;2;38;40;34ml[38;2;29;32;25m;[38;2;1;4;0m [38;2;17;19;14m"[38;2;23;26;20m,[38;2;4;7;3m.[38;2;1;4;0m [38;2;27;30;24m:[38;2;31;33;27m;[38;2;37;39;33ml[38;2;29;32;26m;[38;2;1;4;0m [38;2;9;10;8m`[38;2;3;5;2m.[38;2;10;12;8m`[38;2;13;15;11m^[38;2;30;32;26m;[38;2;21;24;18m,[38;2;14;17;13m"[0m
[38;2;78;79;69m[[38;2;1;4;0m [38;2;98;99;87m([38;2;73;75;66m?[38;2;75;77;67m][38;2;33;35;29mI[38;2;33;36;29mI[38;2;39;39;33ml[38;2;32;34;28m;[38;2;41;43;36m![38;2;55;58;49m~[38;2;10;12;8m`[38;2;3;5;2m.[38;2;58;60;52m~[38;2;32;34;29m;[38;2;37;39;32ml[38;2;38;40;34ml[38;2;43;46;38m![38;2;10;11;9m`[38;2;49;52;45m>[38;2;25;28;22m:[38;2;32;33;28m;[38;2;73;75;65m?[38;2;52;55;46m<[38;2;36;37;33mI[0m
[38;2;75;76;67m][38;2;1;4;0m [38;2;98;99;87m([38;2;74;75;65m?[38;2;75;77;67m][38;2;28;31;25m:[38;2;1;4;0m [38;2;38;40;34ml[38;2;34;36;30mI[38;2;47;48;42mi[38;2;44;47;39mi[38;2;10;12;8m`[38;2;3;5;2m.[38;2;58;60;52m~[38;2;23;25;21m,[38;2;1;4;0m [38;2;43;45;37m![38;2;42;44;36m![38;2;11;13;10m^[38;2;15;18;13m"[38;2;1;4;0m [38;2;32;34;29m;[38;2;66;68;58m_[38;2;52;55;46m<[38;2;36;37;32mI[0m
[38;2;27;29;23m:[38;2;30;33;27m;[38;2;46;47;40mi[38;2;64;65;56m_[38;2;59;61;52m+[38;2;31;32;27m;[38;2;33;35;29mI[38;2;37;39;33ml[38;2;10;13;8m^[38;2;36;39;32ml[38;2;35;37;31mI[38;2;27;29;23m::[38;2;53;55;47m<[38;2;32;35;28mI[38;2;1;4;0m [38;2;48;50;42m>[38;2;37;40;32ml[38;2;30;32;26m;[38;2;29;31;26m;[38;2;46;48;41mi[38;2;34;36;30mI[38;2;40;42;36m![38;2;35;37;31mI[38;2;52;53;46m<[0m