[38;2;0;1;0m        [38;2;13;15;12m\[38;2;73;83;74m\[38;2;144;163;145mk[38;2;177;200;178m@[38;2;174;197;175mB[38;2;167;188;168m&[38;2;116;132;117mL[38;2;60;66;58m}[38;2;0;1;0m         [0m
[38;2;0;1;0m        [38;2;70;78;69m([38;2;170;195;174mB[38;2;168;194;173m%%%%%%[38;2;112;126;111mJ[38;2;0;1;0m        [0m
[38;2;0;1;0m      [38;2;18;28;21m;[38;2;7;12;9m^[38;2;0;1;0m [38;2;46;52;45m_[38;2;91;102;91mn[38;2;39;43;37m<[38;2;0;1;0m [38;2;61;67;59m{[38;2;118;133;118mL[38;2;169;195;173m%[38;2;168;194;173m%[38;2;138;153;136mp[38;2;0;1;0m       [0m
[38;2;0;1;0m      [38;2;77;125;98mc[38;2;65;119;91mu[38;2;16;26;20m;[38;2;0;1;0m  [38;2;15;16;14m\[38;2;19;21;18m:[38;2;0;1;0m  [38;2;80;90;79mf[38;2;168;194;173m%%[38;2;71;78;69m|[38;2;0;1;0m      [0m
[38;2;0;1;0m   [38;2;26;27;23mI[38;2;12;13;11m"[38;2;43;49;41m+[38;2;67;128;97mc[38;2;68;128;97mc[38;2;45;57;47m-[38;2;28;29;25ml[38;2;70;77;68m([38;2;99;113;99mc[38;2;96;111;98mc[38;2;53;59;52m][38;2;28;29;24ml[38;2;16;17;14m\[38;2;105;119;105mX[38;2;96;111;97mv[38;2;68;77;67m([38;2;12;13;11m"[38;2;21;22;18m:[38;2;9;10;8m^[38;2;0;1;0m   [0m
[38;2;0;1;0m   [38;2;9;10;8m^[38;2;30;31;26ml[38;2;0;2;0m [38;2;46;89;67m([38;2;61;112;85mr[38;2;42;43;38m~[38;2;54;54;47m?[38;2;4;5;3m.[38;2;107;124;110mU[38;2;77;89;77mt[38;2;0;2;0m [38;2;33;35;30mi[38;2;0;2;0m [38;2;56;59;51m][38;2;0;2;0m [38;2;83;94;83mj[38;2;58;60;52m[[38;2;0;2;0m [38;2;23;24;20m;[38;2;0;1;0m   [0m
[38;2;0;1;0m    [38;2;16;17;14m\[38;2;19;21;17m:[38;2;14;26;18m:[38;2;51;92;70m|[38;2;13;15;12m\[38;2;47;49;42m_[38;2;4;7;4m`[38;2;113;131;115mC[38;2;7;10;7m^[38;2;40;47;40m~[38;2;13;16;12m\[38;2;32;34;29m![38;2;17;19;15m,[38;2;19;23;18m:[38;2;98;112;98mc[38;2;11;14;9m"[38;2;33;35;30mi[38;2;0;1;0m    [0m
[38;2;0;1;0m     [38;2;29;33;28m![38;2;66;123;94mv[38;2;67;128;97mc[38;2;34;54;42m+[38;2;12;14;11m"[38;2;16;18;15m,[38;2;94;105;93mu[38;2;98;109;95mv[38;2;58;64;57m}[38;2;5;6;5m`[38;2;3;4;2m.[38;2;134;152;135mq[38;2;128;148;132mm[38;2;71;80;71m|[38;2;10;11;10m^[38;2;0;1;0m     [0m
[38;2;0;1;0m      [38;2;84;132;104mY[38;2;67;128;97mc[38;2;70;123;95mv[38;2;17;21;17m:[38;2;0;1;0m      [38;2;84;98;87mr[38;2;170;195;173m%[38;2;32;36;31mi[38;2;0;1;0m      [0m
[38;2;0;1;0m      [38;2;44;61;49m?[38;2;69;129;98mc[38;2;67;128;97mc[38;2;67;121;93mu[38;2;53;77;62m1[38;2;44;51;43m_[38;2;50;55;47m?[38;2;42;59;47m?[38;2;74;106;85mx[38;2;10;12;10m"[38;2;0;1;0m [38;2;64;71;63m1[38;2;0;1;0m       [0m
[38;2;0;1;0m       [38;2;19;34;25ml[38;2;71;126;97mc[38;2;67;128;97mcccccc[38;2;72;116;91mu[38;2;0;1;0m         [0m
[38;2;0;1;0m        [38;2;22;26;21m;[38;2;69;95;76mt[38;2;72;116;91mu[38;2;82;138;107mU[38;2;78;135;104mY[38;2;75;123;96mc[38;2;66;100;80mf[38;2;37;46;38m~[38;2;0;1;0m         [0m
[38;2;0;1;0m                         [0m
[38;2;24;26;22mI[38;2;20;21;18m:[38;2;19;20;17m::[38;2;0;1;0m    [38;2;31;32;28m![38;2;47;48;43m_[38;2;34;36;31mi[38;2;31;33;28m!!![38;2;26;27;23mI[38;2;12;13;10m"[38;2;22;23;19m;[38;2;22;23;20m;[38;2;50;51;45m-[38;2;31;33;28m!![38;2;22;23;20m;[38;2;20;21;18m:[38;2;21;22;18m:[38;2;18;19;15m,[0m
[38;2;35;36;31mi[38;2;0;2;0m [38;2;1;3;1m [38;2;47;49;42m_[38;2;0;1;0m  [38;2;26;27;23mI[38;2;53;53;46m-[38;2;69;70;62m1[38;2;28;30;25ml[38;2;8;10;6m^[38;2;48;50;44m_[38;2;70;72;65m)[38;2;1;3;1m  [38;2;38;40;34m<[38;2;1;3;0m [38;2;9;11;8m^[38;2;62;64;58m}[38;2;1;3;1m [38;2;30;32;26m![38;2;44;46;40m+[38;2;34;35;30mi[38;2;0;2;0m [38;2;26;27;23mI[0m
[38;2;14;15;13m\[38;2;28;30;25ml[38;2;0;2;0m [38;2;2;4;2m.[38;2;54;55;48m?[38;2;29;31;26ml[38;2;48;49;44m_[38;2;35;36;32mi[38;2;24;26;22mI[38;2;0;2;0m [38;2;36;37;32m>[38;2;0;1;0m [38;2;43;45;39m~[38;2;0;2;0m [38;2;28;30;25ml[38;2;39;41;35m<[38;2;0;2;0m [38;2;60;61;53m[[38;2;13;14;11m"[38;2;1;2;0m [38;2;60;61;53m[[38;2;31;32;29m![38;2;16;18;14m,[38;2;0;2;0m [38;2;52;53;46m-[0m
[38;2;0;1;0m [38;2;19;21;17m:[38;2;9;11;8m^[38;2;1;3;0m [38;2;38;40;35m<[38;2;25;26;23mI[38;2;0;1;0m [38;2;52;53;46m-[38;2;7;9;5m`[38;2;1;3;1m [38;2;82;83;76m/[38;2;52;53;47m-[38;2;2;4;1m.[38;2;28;30;25ml[38;2;77;78;71m|[38;2;2;4;1m.[38;2;10;13;9m"[38;2;69;70;62m1[38;2;1;4;1m [38;2;10;12;8m^[38;2;97;98;88mx[38;2;45;47;40m+[38;2;1;3;0m [38;2;41;42;36m<[38;2;28;29;24ml[0m
[38;2;0;1;0m  [38;2;56;57;49m][38;2;46;47;41m+[38;2;0;1;0m    [38;2;58;60;53m[[38;2;39;41;35m<[38;2;41;43;37m~~[38;2;33;35;30mi[38;2;24;26;22mI[38;2;71;73;64m)[38;2;39;41;35m<[38;2;63;65;57m}[38;2;40;42;36m<[38;2;41;43;37m~~~[38;2;40;42;36m<[38;2;35;36;31mi[38;2;14;15;12m\[38;2;0;1;0m [0m