[38;2;247;91;28mnnn[38;2;229;137;99mJ[38;2;237;111;61mc[38;2;235;113;63mzzzzz[38;2;237;115;66mz[38;2;226;188;172mp[38;2;253;255;252m@[38;2;220;154;129mQ[38;2;233;119;74mXXXXXX[38;2;220;135;101mU[38;2;247;91;28mnnnn[0m
[38;2;247;91;28mnnn[38;2;225;129;90mY[38;2;248;88;25mx[38;2;245;90;27mnnnnnn[38;2;224;174;153mm[38;2;254;254;251m$[38;2;224;133;97mU[38;2;245;90;27mnnnnnn[38;2;224;109;63mv[38;2;247;91;28mnnnn[0m
[38;2;247;91;28mnnn[38;2;225;129;90mY[38;2;248;88;25mx[38;2;245;90;27mnnnnnn[38;2;224;174;153mm[38;2;253;254;252m$[38;2;224;133;98mU[38;2;245;90;27mnnnnnn[38;2;224;109;63mv[38;2;247;91;28mnnnn[0m
[38;2;247;91;28mnnn[38;2;225;128;90mY[38;2;248;88;25mx[38;2;245;90;27mnnnnnn[38;2;224;174;153mm[38;2;253;255;252m@[38;2;224;133;98mU[38;2;245;90;27mnnnnnn[38;2;224;109;63mv[38;2;247;91;28mnnnn[0m
[38;2;247;91;28mnnn[38;2;224;129;91mY[38;2;248;88;25mx[38;2;245;90;27mnnnnnn[38;2;223;173;153mm[38;2;253;255;252m@[38;2;224;133;98mU[38;2;245;90;27mnnnnnn[38;2;225;109;62mv[38;2;247;91;28mnnnn[0m
[38;2;247;91;28mnnn[38;2;224;129;91mY[38;2;248;88;25mx[38;2;245;90;27mnnnnnn[38;2;224;173;153mm[38;2;253;255;252m@[38;2;223;133;98mU[38;2;245;90;27mnnnnnn[38;2;225;109;61mv[38;2;247;91;28mnnnn[0m
[38;2;247;91;28mnnn[38;2;224;129;91mY[38;2;248;88;25mx[38;2;245;90;27mnnnnnn[38;2;224;173;153mm[38;2;253;255;252m@[38;2;224;133;98mU[38;2;245;90;27mnnnnnn[38;2;225;109;61mv[38;2;247;91;28mnnnn[0m
[38;2;247;91;28mnnn[38;2;224;129;91mY[38;2;248;88;25mx[38;2;245;90;27mnnnnnn[38;2;224;173;153mm[38;2;253;255;252m@[38;2;223;133;99mU[38;2;245;90;27mnnnnnn[38;2;225;109;61mv[38;2;247;91;28mnnnn[0m
[38;2;247;91;28mnnn[38;2;224;130;92mY[38;2;248;89;25mn[38;2;245;90;27mnnnnnn[38;2;223;172;152mm[38;2;254;254;251m$[38;2;217;179;164mw[38;2;219;151;127mLLLLLL[38;2;215;164;143mO[38;2;247;91;28mnnnn[0m
[38;2;247;91;28mnnn[38;2;224;129;92mY[38;2;248;88;25mx[38;2;245;90;27mnnnnnn[38;2;230;110;61mc[38;2;227;127;86mY[38;2;228;127;86mY[38;2;229;127;86mYYYY[38;2;228;127;86mYY[38;2;220;141;109mJ[38;2;247;91;28mnnnn[0m
[38;2;247;91;28mnnn[38;2;224;130;92mY[38;2;248;88;25mx[38;2;245;90;27mnnnnnn[38;2;247;90;26mn[38;2;245;90;27mnnnnnnnn[38;2;230;109;61mv[38;2;247;91;28mnnnn[0m
[38;2;247;91;28mnnn[38;2;227;132;94mU[38;2;248;89;25mn[38;2;245;90;27mnnnnnn[38;2;247;90;26mn[38;2;245;90;27mnnnnnnnn[38;2;231;109;62mc[38;2;247;91;28mnnnn[0m
[38;2;247;91;28mnnn[38;2;240;127;80mU[38;2;227;116;71mz[38;2;225;114;71mcccccc[38;2;227;113;68mc[38;2;227;114;69mccccc[38;2;227;113;69mccc[38;2;229;128;88mY[38;2;247;91;28mnnnn[0m
[38;2;199;105;66mx[38;2;206;108;69mu[38;2;243;105;50mc[38;2;201;107;68mn[38;2;224;103;55mu[38;2;247;91;28mnnnnnnnnnnnnnnnnnnnn[0m
[38;2;154;81;47m([38;2;102;96;98m([38;2;247;91;28mn[38;2;140;118;107mr[38;2;238;113;63mz[38;2;199;94;51mj[38;2;192;98;61mr[38;2;238;96;40mn[38;2;183;86;45m/[38;2;191;101;69mr[38;2;209;104;59mn[38;2;208;99;55mx[38;2;190;97;60mj[38;2;185;92;54mf[38;2;240;96;40mu[38;2;215;93;41mr[38;2;178;85;47m/[38;2;183;92;57mf[38;2;232;100;46mu[38;2;192;96;58mj[38;2;191;91;54mf[38;2;224;95;42mx[38;2;169;76;40m|[38;2;197;96;54mj[38;2;212;103;62mn[0m
[38;2;243;106;46mc[38;2;61;56;53m~[38;2;149;105;85mf[38;2;194;123;97mc[38;2;164;83;46m|[38;2;100;86;84m1[38;2;172;100;64mf[38;2;83;83;88m}[38;2;190;102;57mr[38;2;46;50;56m>[38;2;176;132;116mc[38;2;194;138;111mY[38;2;94;99;104m([38;2;90;67;54m?[38;2;143;112;106mj[38;2;87;66;56m?[38;2;104;98;90m([38;2;106;102;109m\[38;2;124;78;56m1[38;2;112;100;100m\[38;2;133;90;70m|[38;2;203;138;108mY[38;2;34;29;33m;[38;2;165;106;82mj[38;2;191;122;96mv[0m
[38;2;247;91;28mn[38;2;169;87;48m/[38;2;116;115;119mf[38;2;246;98;38mu[38;2;220;97;43mx[38;2;126;98;87m\[38;2;149;105;83mf[38;2;160;123;112mu[38;2;247;99;38mv[38;2;134;99;76m/[38;2;177;115;93mn[38;2;173;95;59mf[38;2;112;121;127mj[38;2;142;88;66m|[38;2;133;109;103mf[38;2;122;87;69m)[38;2;113;116;115mf[38;2;120;93;84m|[38;2;175;99;63mf[38;2;114;99;96m\[38;2;201;130;100mX[38;2;206;116;78mv[38;2;65;63;64m_[38;2;194;124;96mc[38;2;247;91;28mn[0m
[38;2;247;91;28mnnnnnnnn[38;2;159;109;87mj[38;2;206;156;139mL[38;2;246;97;37mu[38;2;247;91;28mnnn[38;2;242;113;56mz[38;2;131;91;78m|[38;2;204;140;113mU[38;2;130;98;84m\[38;2;233;110;61mc[38;2;247;91;28mnnnnnn[0m