[38;2;0;0;0m         [38;2;9;10;10m`[38;2;95;96;105m([38;2;154;156;168mU[38;2;161;163;175mC[38;2;158;160;172mC[38;2;128;130;139mn[38;2;24;24;26m,[38;2;0;0;0m         [0m
[38;2;0;0;0m        [38;2;24;24;24m,[38;2;157;160;172mJ[38;2;155;157;169mJ[38;2;43;43;45m![38;2;0;0;0m [38;2;52;53;56m<[38;2;174;176;188mO[38;2;167;169;182mQ[38;2;22;22;23m,[38;2;0;0;0m        [0m
[38;2;0;0;0m        [38;2;90;92;97m)[38;2;182;184;199mm[38;2;88;89;95m1[38;2;0;0;0m   [38;2;107;107;112m/[38;2;181;183;198mm[38;2;84;85;91m{[38;2;0;0;0m        [0m
[38;2;0;0;0m        [38;2;86;86;93m{[38;2;180;182;197mm[38;2;101;102;107m\[38;2;74;76;77m][38;2;85;87;90m{[38;2;63;64;66m_[38;2;86;87;89m{[38;2;181;182;197mm[38;2;82;83;89m}[38;2;0;0;0m        [0m
[38;2;0;0;0m     [38;2;29;29;30m:[38;2;0;0;0m  [38;2;94;96;100m([38;2;181;183;195mm[38;2;181;184;196mm[38;2;184;187;201mwww[38;2;182;185;198mm[38;2;181;184;196mm[38;2;114;116;121mf[38;2;0;0;0m   [38;2;9;9;9m`[38;2;8;8;8m`[38;2;0;0;0m   [0m
[38;2;0;0;0m      [38;2;10;10;10m`[38;2;69;71;72m?[38;2;181;184;197mm[38;2;184;187;201mww[38;2;155;181;202mO[38;2;42;163;212mu[38;2;145;179;202mQ[38;2;184;187;201mww[38;2;183;186;198mw[38;2;132;134;135mu[38;2;0;0;0m  [38;2;11;11;12m^[38;2;0;0;0m    [0m
[38;2;0;0;0m      [38;2;43;44;44m![38;2;180;183;195mm[38;2;184;187;201mww[38;2;135;178;204mQ[38;2;42;174;224mc[38;2;71;189;233mJ[38;2;51;178;226mz[38;2;110;174;206mJ[38;2;183;187;201mw[38;2;184;187;201mw[38;2;182;185;196mm[38;2;55;55;55m~[38;2;19;19;20m\[38;2;0;0;0m [38;2;18;19;19m\[38;2;0;0;0m   [0m
[38;2;0;0;0m     [38;2;24;25;25m,[38;2;121;123;127mr[38;2;184;187;201mww[38;2;151;180;202m0[38;2;74;185;227mU[38;2;242;249;240mB[38;2;235;242;184mW[38;2;244;249;223mB[38;2;157;219;242mb[38;2;111;174;206mJ[38;2;184;187;201mww[38;2;118;120;124mj[38;2;17;17;17m"[38;2;0;0;0m     [0m
[38;2;0;0;0m     [38;2;49;49;50m>[38;2;131;133;138mu[38;2;184;187;201mww[38;2;85;171;210mY[38;2;177;227;245ma[38;2;221;232;134mo[38;2;243;247;214m%[38;2;219;230;125ma[38;2;252;253;245m@[38;2;93;184;221mC[38;2;185;187;201mw[38;2;184;187;201mw[38;2;129;131;136mn[38;2;0;0;0m      [0m
[38;2;0;0;0m     [38;2;39;39;39ml[38;2;87;89;91m1[38;2;184;187;201mww[38;2;106;174;206mJ[38;2;127;209;239mw[38;2;236;243;189m&[38;2;222;232;135mo[38;2;226;235;150m#[38;2;230;246;252m%[38;2;86;176;214mU[38;2;184;187;201mww[38;2;113;114;117mf[38;2;27;27;28m:[38;2;0;0;0m     [0m
[38;2;0;0;0m      [38;2;24;24;24m,[38;2;164;167;175mL[38;2;184;187;201mw[38;2;182;186;201mw[38;2;85;173;211mY[38;2;105;199;234m0[38;2;142;214;241mp[38;2;123;206;237mm[38;2;87;179;217mU[38;2;162;182;201mO[38;2;184;187;201mw[38;2;165;168;176mQ[38;2;24;24;24m,[38;2;0;0;0m      [0m
[38;2;0;0;0m       [38;2;41;42;42m![38;2;151;153;159mY[38;2;184;187;201mww[38;2;175;185;201mm[38;2;161;183;202mO[38;2;173;185;202mm[38;2;184;187;201mww[38;2;170;173;181m0[38;2;32;33;33m;[38;2;0;0;0m       [0m
[38;2;0;0;0m   [38;2;10;10;11m`[38;2;14;14;14m^[38;2;0;0;0m   [38;2;17;17;17m"[38;2;91;93;96m)[38;2;141;143;151mz[38;2;179;182;193mZZZ[38;2;157;160;168mJ[38;2;103;105;108m\[38;2;19;20;17m\[38;2;0;0;0m [38;2;21;21;21m\[38;2;0;0;0m [38;2;11;11;11m^[38;2;8;9;9m`[38;2;0;0;0m   [0m
[38;2;0;0;0m                         [0m
[38;2;0;0;0m                         [0m
[38;2;0;0;0m                         [0m
[38;2;0;0;0m                         [0m
[38;2;0;0;0m                         [0m