[38;2;230;230;230mMMMMMM[38;2;230;227;228mM[38;2;227;171;190mw[38;2;222;110;150mX[38;2;219;64;119mf[38;2;217;32;98m)[38;2;216;13;85m}[38;2;215;7;82m[[38;2;216;14;86m}[38;2;217;33;99m([38;2;219;66;120mj[38;2;223;112;151mX[38;2;227;174;192mq[38;2;230;228;228mM[38;2;230;230;230mMMMMMM[0m
[38;2;230;230;230mMMMM[38;2;230;221;224m#[38;2;224;125;160mJ[38;2;217;29;96m)[38;2;215;6;81m[[[[[[[[[[[[38;2;217;32;98m)[38;2;224;130;163mC[38;2;230;223;225m#[38;2;230;230;230mMMMM[0m
[38;2;230;230;230mMMM[38;2;227;170;190mw[38;2;217;33;98m([38;2;215;6;81m[[[[[[[38;2;215;10;83m[[38;2;215;9;83m[[38;2;215;6;81m[[[[[[[[38;2;217;37;101m([38;2;227;176;194mq[38;2;230;230;230mMMM[0m
[38;2;230;230;230mMM[38;2;224;136;167mL[38;2;215;8;82m[[38;2;215;6;81m[[[[[38;2;216;14;87m}[38;2;230;104;149mX[38;2;245;196;213ma[38;2;253;252;253m@[38;2;250;232;238m8[38;2;250;228;236m&[38;2;245;198;214ma[38;2;236;139;173mQ[38;2;226;77;130mx[38;2;215;8;82m[[38;2;215;6;81m[[[[38;2;215;9;83m[[38;2;225;146;173m0[38;2;230;230;230mMM[0m
[38;2;230;230;230mM[38;2;226;154;179mO[38;2;215;7;82m[[38;2;215;6;81m[[[[[38;2;224;66;122mj[38;2;249;226;234mWW[38;2;236;141;174m0[38;2;222;53;113mt[38;2;217;21;91m{[38;2;217;20;90m{[38;2;222;52;112m/[38;2;234;132;168mL[38;2;252;244;247mB[38;2;246;202;217mo[38;2;219;35;101m([38;2;215;6;81m[[[[38;2;215;9;83m[[38;2;226;163;185mm[38;2;230;230;230mM[0m
[38;2;229;210;216mo[38;2;216;18;89m{[38;2;215;6;81m[[[[[38;2;221;45;107m\[38;2;251;237;242m%[38;2;233;120;160mJ[38;2;217;20;90m{[38;2;215;6;81m[[[[[[[38;2;223;56;115mt[38;2;252;244;247mB[38;2;241;178;200md[38;2;215;6;81m[[[[[38;2;217;23;92m1[38;2;229;214;219mo[0m
[38;2;223;114;152mY[38;2;215;6;81m[[[[[38;2;215;9;83m[[38;2;248;216;227mM[38;2;227;86;136mu[38;2;215;6;81m[[[[38;2;220;37;102m|[38;2;227;87;136mu[38;2;224;65;121mj[38;2;220;39;103m|[38;2;215;8;82m[[38;2;215;6;81m[[38;2;235;136;171mQ[38;2;237;153;182mZ[38;2;215;11;84m[[38;2;215;6;81m[[[[[38;2;223;119;156mU[0m
[38;2;218;45;107m\[38;2;215;6;81m[[[[[38;2;223;59;117mf[38;2;245;200;216ma[38;2;215;6;81m[[[[38;2;217;18;89m{[38;2;230;102;146mz[38;2;215;6;81m[[[[[[38;2;229;93;141mc[38;2;243;185;205mb[38;2;215;6;81m[[[[[[38;2;218;47;108m\[0m
[38;2;216;12;85m}[38;2;215;6;81m[[[[[38;2;224;65;121mj[38;2;239;158;186mm[38;2;215;6;81m[[[[38;2;222;54;113mt[38;2;227;86;136mu[38;2;215;6;81m[[[[[[38;2;233;121;161mJ[38;2;229;99;144mz[38;2;215;6;81m[[[[[[38;2;216;13;85m}[0m
[38;2;216;12;85m}[38;2;215;6;81m[[[[[38;2;223;57;116mt[38;2;241;171;196mp[38;2;215;6;81m[[[[38;2;215;9;83m[[38;2;236;142;174m0[38;2;219;30;97m)[38;2;215;6;81m[[[38;2;215;8;82m[[38;2;226;80;132mn[38;2;236;141;174m0[38;2;215;8;82m[[38;2;215;6;81m[[[[[[38;2;216;13;85m}[0m
[38;2;218;47;108m\[38;2;215;6;81m[[[[[38;2;216;13;86m}[38;2;248;219;229mM[38;2;218;27;95m)[38;2;215;6;81m[[[[38;2;218;25;93m1[38;2;234;131;166mL[38;2;232;117;157mU[38;2;230;106;149mX[38;2;232;118;158mU[38;2;224;62;119mf[38;2;215;6;81m[[[[[[[[38;2;219;49;109m/[0m
[38;2;223;117;154mY[38;2;215;6;81m[[[[[[38;2;234;128;165mC[38;2;248;219;229mM[38;2;215;8;82m[[38;2;215;6;81m[[[[[38;2;215;8;82m[[38;2;215;10;83m[[38;2;215;6;81m[[[[[[[[[[38;2;224;123;158mU[0m
[38;2;229;211;218mo[38;2;216;20;90m{[38;2;215;6;81m[[[[[38;2;216;10;83m[[38;2;242;180;202md[38;2;231;110;153mY[38;2;215;6;81m[[[[[[[[[[[[[[[38;2;217;26;94m1[38;2;229;216;221m*[0m
[38;2;230;230;230mM[38;2;226;159;182mZ[38;2;215;8;82m[[38;2;215;6;81m[[[[[38;2;216;10;84m[[38;2;236;141;175m0[38;2;234;132;168mL[38;2;217;17;89m{[38;2;215;6;81m[[[[[[[[[[[[38;2;215;10;83m[[38;2;227;169;189mw[38;2;230;230;230mM[0m
[38;2;230;230;230mMM[38;2;225;143;172mQ[38;2;215;9;83m[[38;2;215;6;81m[[[[[[38;2;221;45;107m\[38;2;231;112;154mY[38;2;227;85;135mu[38;2;218;29;96m)[38;2;215;6;81m[[[[[[[[[38;2;215;11;84m[[38;2;225;152;178mO[38;2;230;230;230mMM[0m
[38;2;230;230;230mMMM[38;2;227;176;194mq[38;2;217;38;102m|[38;2;215;6;81m[[[[[[[[38;2;216;11;84m}[38;2;215;10;83m[[38;2;215;6;81m[[[[[[[38;2;218;43;105m|[38;2;228;183;198md[38;2;230;230;230mMMM[0m
[38;2;230;230;230mMMMM[38;2;230;223;225m#[38;2;224;132;165mC[38;2;217;35;100m([38;2;215;6;81m[[[[[[[[[[[[38;2;218;38;102m|[38;2;224;138;169mL[38;2;230;225;227m#[38;2;230;230;230mMMMM[0m
[38;2;230;230;230mMMMMMM[38;2;230;228;229mM[38;2;227;176;194mq[38;2;223;114;152mY[38;2;219;66;120mj[38;2;217;33;98m([38;2;216;13;85m}[38;2;215;7;82m[[38;2;216;14;86m}[38;2;217;34;99m([38;2;220;68;122mj[38;2;223;116;154mY[38;2;227;180;196mp[38;2;230;229;229mM[38;2;230;230;230mMMMMMM[0m