[38;2;0;0;0m      [38;2;1;8;12m^[38;2;18;144;208mo[38;2;21;166;240m@@@@@@@@@[38;2;18;144;208mo[38;2;1;8;12m^[38;2;0;0;0m      [0m
[38;2;0;0;0m      [38;2;14;116;169mO[38;2;21;166;240m@@@@@@@@@@@[38;2;15;117;169mO[38;2;0;0;0m      [0m
[38;2;0;0;0m      [38;2;5;42;59m_[38;2;4;41;60m+++++++++++[38;2;5;42;59m_[38;2;0;0;0m      [0m
[38;2;0;0;0m                         [0m
[38;2;0;0;0m   [38;2;1;8;12m^[38;2;16;122;176mm[38;2;17;133;192mbbbbbbbb[38;2;13;100;144mY[38;2;6;44;64m-[38;2;0;0;0m   [38;2;2;38;50m~[38;2;11;88;128mu[38;2;16;125;180mw[38;2;1;8;12m^[38;2;0;0;0m   [0m
[38;2;0;0;0m   [38;2;12;104;151mJ[38;2;21;166;240m@@@@@@@[38;2;16;124;180mw[38;2;6;51;83m[[38;2;0;0;0m   [38;2;5;42;59m_[38;2;14;111;160mQ[38;2;21;166;240m@@@[38;2;11;106;151mJ[38;2;0;0;0m   [0m
[38;2;0;0;0m   [38;2;20;157;228m8[38;2;21;166;240m@@@@[38;2;20;157;228m8[38;2;13;108;162mL[38;2;4;33;48m>[38;2;0;0;0m  [38;2;1;9;12m^[38;2;7;56;80m{[38;2;15;137;194mk[38;2;21;166;240m@@@@@[38;2;20;158;228m8[38;2;0;0;0m   [0m
[38;2;0;0;0m   [38;2;7;64;97m([38;2;21;166;240m@@[38;2;16;133;194mb[38;2;7;55;80m}[38;2;1;8;12m^[38;2;0;0;0m  [38;2;4;33;48m>[38;2;11;116;162m0[38;2;20;158;228m8[38;2;21;166;240m@@@@@@@[38;2;7;66;97m|[38;2;0;0;0m   [0m
[38;2;0;0;0m    [38;2;8;69;100m\[38;2;6;42;60m_[38;2;0;0;0m    [38;2;5;42;59m_[38;2;11;83;120mxxxxxxxxx[38;2;9;73;105mt[38;2;0;0;0m    [0m
[38;2;0;0;0m                         [0m
[38;2;0;0;0m      [38;2;11;91;131mv[38;2;11;99;144mXXXXXXXXXXX[38;2;11;91;131mv[38;2;0;0;0m      [0m
[38;2;0;0;0m      [38;2;9;83;121mx[38;2;21;166;240m@@@@@@@@@@@[38;2;11;84;121mx[38;2;0;0;0m      [0m
[38;2;0;0;0m       [38;2;13;111;160mL[38;2;17;133;192mbbbbbbbbb[38;2;14;111;160mQ[38;2;0;0;0m       [0m
[38;2;0;0;0m                         [0m
[38;2;0;0;0m                         [0m
[38;2;10;31;51m<[38;2;11;31;50m<<<<[38;2;5;15;25m,[38;2;10;28;46mi[38;2;11;31;50m<<<[38;2;10;32;50m<[38;2;4;10;17m"[38;2;11;31;50m<<<<[38;2;9;30;47m>[38;2;3;10;18m"[38;2;8;23;38ml[38;2;7;20;33mI[38;2;11;31;51m<[38;2;3;10;17m"[38;2;0;0;0m [38;2;3;8;13m^[38;2;10;31;51m<[0m
[38;2;0;3;5m.[38;2;7;20;34mI[38;2;13;37;62m_[38;2;13;36;59m+[38;2;6;17;28m:[38;2;6;16;27m:[38;2;13;40;67m-[38;2;0;0;0m   [38;2;14;38;63m_[38;2;9;25;42m![38;2;14;41;67m-[38;2;7;20;34mII[38;2;8;23;38ml[38;2;17;48;80m}[38;2;5;16;29m:[38;2;14;39;63m-[38;2;11;33;55m~[38;2;12;33;55m~[38;2;14;41;68m-[38;2;12;33;56m~[38;2;7;21;34mI[38;2;17;51;85m{[0m
[38;2;15;45;82m[[38;2;18;51;84m{[38;2;15;43;81m][38;2;14;38;63m__[38;2;8;22;37ml[38;2;16;47;79m[[38;2;14;38;63m___[38;2;16;45;81m[[38;2;7;19;32m;[38;2;14;38;63m_[38;2;5;13;21m,,[38;2;9;29;46m>[38;2;13;35;57m+[38;2;5;16;29m:[38;2;14;39;63m-[38;2;11;33;55m~[38;2;9;26;42m![38;2;0;0;0m [38;2;6;24;36ml[38;2;17;48;79m}[38;2;17;51;85m{[0m